simulation time	
rate RU		 thoroughput
100	4.60517	0	-1.#INF
100	4.60517	0	-1.#INF
100	4.60517	0	-1.#INF
100	4.60517	0	-1.#INF
100	4.60517	0	-1.#INF
100	4.60517	0	-1.#INF

lambda		1	1	1	1	1	1	
mu		0	0	0	0	0	0	
macro	ABS	non-ABS
0	0	0
0	0	0
0	0	0
0	0	0
0	0	0
0	0	0
0	0	0
0	0	0
0	0	0
0	0	0
0	0	0
0	0	0


simulation time	
rate RU		 thoroughput
2.25076	0.811266	2.10458	0.744115
2.09899	0.741456	2.10263	0.743189
2.39106	0.871737	2.39947	0.87525
2.39584	0.873733	2.40265	0.876574
1.90364	0.643768	1.87914	0.630814
1.81572	0.596484	1.86664	0.624138

lambda		0.461559	0.476307	0.41821	0.41714	0.751173	0.850717	
mu		0	0	0	0	0.523086	0.518086	
macro	ABS	non-ABS
0	1	0
0	1	0
0	1	0
0	0	1
0	1	0
0	0	0
44	6793	3163
28	6788	3184
6	8909	1085
10	8828	1162
2500	3568	435
2497	3492	440


simulation time	
rate RU		 thoroughput
2.1561	0.768302	2.1586	0.769459
1.92996	0.657499	2.15508	0.767826
2.38173	0.867828	2.39459	0.873214
2.37928	0.866799	2.39364	0.872816
1.84645	0.613264	1.84858	0.614418
1.7314	0.54893	1.84474	0.61234

lambda		0.463747	0.51389	0.419807	0.420219	0.747975	0.762888	
mu		0	0	0	0	0.334736	0.336658	
macro	ABS	non-ABS
0	1	0
0	1	0
0	0	1
0	1	0
0	1	0
0	0	0
81	14130	5789
81	14145	5774
13	17806	2181
18	17726	2256
4397	7386	880
4406	7321	869


simulation time	
rate RU		 thoroughput
2.1871	0.782577	2.18817	0.783066
2.15983	0.77003	2.17285	0.776041
2.38204	0.867957	2.3944	0.873134
2.37715	0.865903	2.39269	0.87242
1.82371	0.600875	1.83416	0.606585
1.82392	0.600987	1.83194	0.605375

lambda		0.457277	0.463045	0.41981	0.420731	0.751815	0.738126	
mu		0	0	0	0	0.3711	0.346497	
macro	ABS	non-ABS
0	0	1
0	1	0
0	1	0
0	1	0
1	0	0
0	0	1
130	21575	8295
130	21553	8317
24	26696	3280
35	26628	3337
6159	11279	1354
6217	11184	1290


simulation time	
rate RU		 thoroughput
2.01989	0.703043	2.1993	0.788141
2.17495	0.777004	2.18348	0.780919
2.38022	0.867191	2.39329	0.872668
2.3779	0.866216	2.38911	0.87092
1.88615	0.63454	1.82137	0.59959
1.81119	0.593987	1.83569	0.607418

lambda		0.480285	0.459772	0.420087	0.420478	0.72747	0.782307	
mu		0	0	0	0	0.369789	0.355509	
macro	ABS	non-ABS
0	1	0
0	1	0
0	1	0
0	1	0
0	1	0
0	0	0
189	28972	10839
196	28965	10839
38	35598	4364
38	35543	4419
7970	15087	1806
8027	15099	1748


simulation time	
rate RU		 thoroughput
2.18458	0.781426	2.19728	0.787221
2.1834	0.780882	2.18874	0.783327
2.38482	0.869122	2.39708	0.874253
2.38919	0.870952	2.39258	0.872372
1.81727	0.597333	1.8211	0.599441
1.8223	0.600102	1.83288	0.605889

lambda		0.457699	0.45795	0.419273	0.41859	0.792985	0.770375	
mu		0	0	0	0	0.441279	0.403725	
macro	ABS	non-ABS
0	1	0
0	0	1
0	1	0
0	1	0
0	1	0
0	0	0
240	36250	13510
234	36294	13472
40	44542	5418
49	44372	5579
9913	18894	2258
9964	18889	2208


simulation time	
rate RU		 thoroughput
2.19199	0.784811	2.19788	0.787495
2.18932	0.783592	2.19482	0.786098
2.38992	0.871258	2.3958	0.873716
2.37264	0.864005	2.39342	0.872723
1.82261	0.600268	1.83241	0.60563
1.77646	0.574622	1.8201	0.598893

lambda		0.456127	0.456724	0.418466	0.421432	0.837019	0.90518	
mu		0	0	0	0	0.525669	0.565405	
macro	ABS	non-ABS
0	1	0
0	1	0
0	1	0
0	1	0
0	1	0
0	0	0
290	43562	16148
272	43655	16073
55	53438	6507
61	53295	6644
11889	22915	2651
11854	22491	2686


simulation time	
rate RU		 thoroughput
2.18755	0.782783	2.19874	0.787884
2.18608	0.782109	2.19529	0.786314
2.31745	0.840469	2.39663	0.874062
2.38104	0.867537	2.39214	0.872189
1.82445	0.601279	1.83296	0.60593
1.8227	0.600317	1.82305	0.600511

lambda		0.458363	0.457413	0.444583	0.41998	0.834221	0.825481	
mu		0.00272481	0	0	0	0.52189	0.504737	
macro	ABS	non-ABS
0	1	0
0	1	0
0	0	1
0	1	0
0	0	0
0	1	0
342	50758	18900
316	50829	18855
67	62312	7621
68	62196	7736
13904	26670	3100
13892	26269	3107


simulation time	
rate RU		 thoroughput
2.19134	0.784514	2.19917	0.788079
2.18773	0.782866	2.19449	0.785951
2.39528	0.873502	2.3966	0.874051
2.38578	0.869526	2.39169	0.871999
1.82528	0.601731	1.83684	0.608048
1.82176	0.599801	1.82188	0.599867

lambda		0.456325	0.457062	0.417469	0.419149	0.793607	0.773965	
mu		0	0	0	0	0.448522	0.409906	
macro	ABS	non-ABS
0	0	1
0	1	0
0	1	0
0	1	0
0	1	0
0	0	0
390	58015	21595
362	58086	21552
76	71233	8691
71	71072	8857
15915	30502	3536
15890	29976	3562


simulation time	
rate RU		 thoroughput
2.18032	0.779473	2.20041	0.788644
2.18606	0.782103	2.19562	0.786466
2.38319	0.868441	2.39591	0.873762
2.38697	0.870027	2.39155	0.87194
1.8244	0.60125	1.83615	0.607671
1.82283	0.600389	1.82377	0.600908

lambda		0.458647	0.457378	0.419607	0.418926	0.803788	0.7916	
mu		0	0	0	0	0.46641	0.442904	
macro	ABS	non-ABS
0	1	0
0	1	0
0	1	0
0	1	0
0	0	0
0	1	0
435	65285	24280
401	65337	24262
84	80146	9770
74	79956	9970
17915	34260	3963
17887	33779	3998


simulation time	
rate RU		 thoroughput
2.18711	0.78258	2.20004	0.788474
2.19089	0.784306	2.19584	0.786565
2.38993	0.871265	2.39604	0.873816
2.39086	0.871652	2.39257	0.872368
1.82543	0.601816	1.83503	0.607062
1.82277	0.600355	1.82638	0.602336

lambda		0.457218	0.456441	0.418435	0.418272	0.793403	0.810366	
mu		0	0	0	0	0.448292	0.477084	
macro	ABS	non-ABS
0	1	0
0	1	0
0	1	0
0	1	0
0	1	0
0	0	0
479	72540	26981
444	72627	26929
92	89075	10833
80	88866	11054
19877	38002	4385
19829	37639	4450


simulation time	
rate RU		 thoroughput
2.19981	0.788372	2.20216	0.789438
2.1909	0.78431	2.19523	0.786286
2.38664	0.869887	2.39677	0.87412
2.38187	0.867885	2.39205	0.872152
1.82215	0.600018	1.8305	0.604588
1.82533	0.601759	1.83101	0.604869

lambda		0.454573	0.456462	0.418996	0.419847	0.796988	0.805401	
mu		0	0	0	0	0.452206	0.470141	
macro	ABS	non-ABS
0	1	0
0	0	1
0	1	0
0	0	1
0	0	1
1	0	0
532	79871	29597
500	79867	29633
98	97952	11950
90	97774	12136
21830	41666	4899
21858	41499	4892


simulation time	
rate RU		 thoroughput
2.08366	0.734126	2.20251	0.789597
2.18528	0.781742	2.19354	0.785517
2.38745	0.870226	2.39591	0.873765
2.38309	0.868396	2.39325	0.872653
1.82288	0.600418	1.8275	0.602947
1.82586	0.60205	1.83527	0.607191

lambda		0.471944	0.457597	0.418865	0.419625	0.799431	0.8005	
mu		0	0	0	0	0.457208	0.461619	
macro	ABS	non-ABS
0	1	0
0	1	0
0	1	0
0	1	0
0	0	0
0	1	0
582	87112	32306
546	87079	32375
109	106840	13051
101	106673	13226
23846	45295	5366
23899	45378	5332


simulation time	
rate RU		 thoroughput
2.19849	0.78777	2.20236	0.789531
2.18868	0.783298	2.19377	0.785623
2.38431	0.86891	2.39466	0.873242
2.3903	0.871421	2.39386	0.872907
1.82513	0.601649	1.82796	0.603202
1.82537	0.601784	1.83518	0.607142

lambda		0.45485	0.456903	0.419408	0.418358	0.798688	0.799774	
mu		0	0	0	0	0.457685	0.459879	
macro	ABS	non-ABS
0	1	0
0	1	0
0	1	0
0	1	0
0	0	0
0	1	0
627	94397	34976
596	94367	35037
118	115782	14100
108	115554	14338
25809	49088	5833
25885	49146	5776


simulation time	
rate RU		 thoroughput
2.19883	0.787924	2.20213	0.789427
2.19203	0.784828	2.19423	0.78583
2.39087	0.871657	2.39517	0.873455
2.38979	0.871205	2.39466	0.873239
1.82457	0.601344	1.82775	0.603085
1.82602	0.60214	1.83575	0.607452

lambda		0.454786	0.4562	0.418273	0.418455	0.798685	0.798472	
mu		0	0	0	0	0.457286	0.457982	
macro	ABS	non-ABS
0	0	1
0	1	0
0	1	0
0	1	0
0	1	0
0	0	0
687	101654	37659
638	101684	37678
128	124691	15181
119	124453	15428
27765	52869	6276
27866	52959	6196


simulation time	
rate RU		 thoroughput
2.11352	0.748353	2.20244	0.789568
2.18889	0.783396	2.19512	0.786236
2.38653	0.869838	2.39592	0.873768
2.38959	0.871122	2.39428	0.873081
1.82596	0.602104	1.82904	0.60379
1.82306	0.600516	1.83419	0.606604

lambda		0.471856	0.456838	0.419021	0.418487	0.7972	0.799309	
mu		0.00263141	0	0	0	0.455679	0.457152	
macro	ABS	non-ABS
0	1	0
0	1	0
0	1	0
0	1	0
0	1	0
0	0	0
737	108878	40385
694	108969	40337
139	133622	16239
127	133341	16532
29772	56678	6713
29824	56697	6681


simulation time	
rate RU		 thoroughput
2.19234	0.784969	2.20351	0.790054
2.19539	0.786362	2.19612	0.786691
2.39075	0.871609	2.39612	0.873849
2.38481	0.869121	2.39517	0.873453
1.82469	0.601412	1.82874	0.60363
1.82391	0.600982	1.83435	0.606692

lambda		0.456131	0.455517	0.418281	0.419332	0.797212	0.798491	
mu		0	0	0	0	0.454673	0.456372	
macro	ABS	non-ABS
0	1	0
0	0	1
0	1	0
0	1	0
0	1	0
0	0	0
790	116162	43048
725	116216	43059
146	142549	17305
133	142222	17645
31769	60415	7159
31825	60505	7125


simulation time	
rate RU		 thoroughput
2.19293	0.785237	2.20306	0.789849
2.19143	0.784556	2.19759	0.787359
2.395	0.873383	2.39659	0.874046
2.388	0.870457	2.39514	0.873442
1.82273	0.600336	1.82762	0.603013
1.82571	0.601967	1.83484	0.606959

lambda		0.456017	0.456291	0.417543	0.418759	0.798067	0.797413	
mu		0	0	0	0	0.454669	0.455842	
macro	ABS	non-ABS
0	1	0
0	1	0
0	1	0
0	1	0
0	0	0
0	1	0
835	123533	45632
768	123529	45703
152	151450	18398
139	151145	18716
33712	64136	7611
33759	64379	7591


simulation time	
rate RU		 thoroughput
2.19926	0.788121	2.20388	0.790217
2.18853	0.78323	2.19651	0.786871
2.39311	0.872594	2.39607	0.873828
2.38865	0.870728	2.39492	0.873349
1.82519	0.601686	1.82851	0.6035
1.82474	0.601437	1.83403	0.606516

lambda		0.454685	0.456923	0.417859	0.418636	0.796953	0.797699	
mu		0	0	0	0	0.454603	0.455569	
macro	ABS	non-ABS
0	1	0
0	0	1
0	1	0
0	1	0
0	0	0
0	1	0
878	130820	48302
817	130780	48403
154	160335	19511
143	160017	19840
35706	67974	8047
35753	68102	8024


simulation time	
rate RU		 thoroughput
2.19614	0.786703	2.20288	0.789765
2.19112	0.784415	2.19673	0.786969
2.38916	0.870943	2.39512	0.873432
2.39132	0.871846	2.39509	0.873423
1.82446	0.601286	1.82913	0.603841
1.82599	0.602122	1.83458	0.606814

lambda		0.455349	0.456386	0.418551	0.418186	0.79613	0.796665	
mu		0	0	0	0	0.452579	0.454648	
macro	ABS	non-ABS
0	1	0
0	0	1
0	1	0
0	1	0
0	1	0
0	0	0
915	138083	51002
868	138030	51102
161	169241	20598
153	168915	20932
37752	71714	8488
37763	71865	8502


simulation time	
rate RU		 thoroughput
2.19574	0.786519	2.20249	0.789588
2.1942	0.785819	2.19718	0.787176
2.39105	0.871733	2.39525	0.873487
2.39356	0.872781	2.39538	0.87354
1.82552	0.601866	1.82994	0.604281
1.82439	0.601244	1.83405	0.606525

lambda		0.455417	0.455732	0.418207	0.417782	0.795109	0.796698	
mu		0	0	0	0	0.451446	0.453519	
macro	ABS	non-ABS
0	1	0
0	1	0
0	1	0
0	1	0
0	0	0
0	1	0
954	145278	53768
912	145270	53818
174	178148	21678
162	177801	22037
39800	75476	8932
39784	75602	8971


simulation time	
rate RU		 thoroughput
2.19457	0.785987	2.20194	0.789337
2.19466	0.786026	2.1971	0.787141
2.39311	0.872594	2.39544	0.873566
2.37925	0.866786	2.39644	0.873985
1.82452	0.601316	1.82938	0.603975
1.82566	0.601941	1.8345	0.606773

lambda		0.455653	0.455649	0.417861	0.420301	0.795442	0.795803	
mu		0	0	0	0	0.451256	0.452899	
macro	ABS	non-ABS
0	1	0
0	1	0
0	0	1
0	1	0
0	1	0
0	0	0
998	152474	56528
957	152574	56469
185	187060	22755
170	186681	23149
41840	79205	9325
41741	79429	9451


simulation time	
rate RU		 thoroughput
2.20042	0.788649	2.20291	0.789779
2.19785	0.787477	2.19799	0.787542
2.39003	0.871307	2.39608	0.873834
2.38185	0.867877	2.39617	0.873871
1.82558	0.601898	1.82968	0.604139
1.82336	0.600682	1.83374	0.606357

lambda		0.454473	0.455001	0.41842	0.419835	0.794916	0.796128	
mu		0	0	0	0	0.451199	0.451606	
macro	ABS	non-ABS
0	1	0
0	1	0
0	0	1
0	1	0
0	1	0
0	0	0
1039	159820	59141
1011	159881	59108
190	196022	23788
175	195620	24205
43737	83034	9783
43664	83237	9881


simulation time	
rate RU		 thoroughput
2.20023	0.78856	2.2034	0.790002
2.19388	0.785674	2.19705	0.787117
2.3946	0.873217	2.3967	0.874093
2.38642	0.869793	2.39641	0.873973
1.82427	0.601179	1.8296	0.604098
1.8232	0.600591	1.83316	0.606044

lambda		0.454501	0.455818	0.417614	0.419049	0.79479	0.796239	
mu		0	0	0	0	0.449894	0.451693	
macro	ABS	non-ABS
0	1	0
0	1	0
0	1	0
0	0	1
0	0	0
0	1	0
1097	167143	61760
1055	167152	61793
197	204939	24864
183	204461	25356
45705	86829	10242
45654	87001	10323


simulation time	
rate RU		 thoroughput
2.20265	0.789662	2.20378	0.790176
2.19184	0.784739	2.1979	0.787504
2.39622	0.873894	2.39689	0.874172
2.38695	0.870014	2.39608	0.873836
1.82402	0.601041	1.82932	0.603943
1.82526	0.601724	1.83369	0.60633

lambda		0.453999	0.456231	0.41732	0.418947	0.794864	0.795315	
mu		0	0	0	0	0.449831	0.451651	
macro	ABS	non-ABS
0	0	1
0	1	0
0	1	0
0	1	0
1	0	0
0	0	1
1140	174475	64385
1098	174491	64411
201	213860	25939
193	213369	26438
47638	90620	10680
47578	90832	10767


simulation time	
rate RU		 thoroughput
2.2015	0.789138	2.20404	0.79029
2.19448	0.785944	2.19825	0.787661
2.39114	0.871772	2.39799	0.874632
2.3862	0.869702	2.39561	0.873636
1.82592	0.602081	1.83003	0.604331
1.82465	0.601386	1.83406	0.606535

lambda		0.45422	0.455692	0.418219	0.41906	0.793947	0.794587	
mu		0	0	0	0	0.449671	0.449838	
macro	ABS	non-ABS
0	1	0
0	1	0
0	1	0
0	1	0
0	0	0
0	1	0
1191	181778	67031
1143	181790	67067
204	222771	27025
204	222215	27581
49563	94425	11133
49508	94638	11218


simulation time	
rate RU		 thoroughput
2.20253	0.789607	2.20413	0.790335
2.19561	0.786459	2.19907	0.788036
2.39291	0.872511	2.3981	0.874677
2.3879	0.870416	2.39553	0.873604
1.82394	0.600999	1.82901	0.603774
1.82558	0.6019	1.83556	0.607349

lambda		0.454029	0.455456	0.41789	0.418781	0.79478	0.792735	
mu		0	0	0	0	0.449593	0.447239	
macro	ABS	non-ABS
0	1	0
0	1	0
0	1	0
0	1	0
0	0	0
0	1	0
1240	189042	69718
1209	189092	69699
211	231648	28141
212	231108	28680
51522	98088	11582
51457	98557	11674


simulation time	
rate RU		 thoroughput
2.19675	0.78698	2.20463	0.790562
2.19699	0.787089	2.19925	0.788118
2.39217	0.872202	2.39777	0.87454
2.39173	0.872018	2.39602	0.873808
1.82327	0.600633	1.82854	0.603518
1.826	0.602125	1.83615	0.607671

lambda		0.455218	0.455169	0.418025	0.418102	0.79505	0.791767	
mu		0	0	0	0	0.449563	0.445795	
macro	ABS	non-ABS
0	1	0
0	1	0
0	1	0
0	1	0
0	0	0
0	1	0
1285	196335	72380
1256	196372	72372
221	240544	29235
222	239996	29782
53446	101855	12008
53390	102426	12090


simulation time	
rate RU		 thoroughput
2.19698	0.787082	2.20439	0.790452
2.1932	0.785361	2.19973	0.788337
2.39074	0.871602	2.3973	0.874344
2.39143	0.871891	2.39579	0.873714
1.82425	0.601169	1.82881	0.603666
1.82489	0.601522	1.836	0.607587

lambda		0.455176	0.455956	0.418284	0.418161	0.794591	0.791536	
mu		0	0	0	0	0.449548	0.444443	
macro	ABS	non-ABS
0	1	0
0	1	0
0	1	0
0	1	0
0	1	0
0	0	0
1334	203629	75037
1300	203711	74989
228	249375	30397
230	248934	30836
55424	105652	12449
55329	106201	12568


simulation time	
rate RU		 thoroughput
2.19867	0.787854	2.20453	0.790512
2.19362	0.785553	2.19962	0.788283
2.38958	0.871119	2.39686	0.874159
2.39291	0.872512	2.39596	0.873784
1.82583	0.602035	1.82937	0.603969
1.82507	0.601616	1.83574	0.60745

lambda		0.45482	0.455868	0.418487	0.4179	0.793886	0.791415	
mu		0	0	0	0	0.449502	0.444379	
macro	ABS	non-ABS
0	1	0
0	0	1
0	1	0
0	0	1
0	1	0
0	0	0
1371	210925	77704
1339	210996	77665
244	258251	31505
235	257879	31886
57394	109466	12880
57322	109975	12983


simulation time	
rate RU		 thoroughput
2.19662	0.78692	2.20385	0.790206
2.19685	0.787023	2.2001	0.788503
2.39237	0.872283	2.39714	0.874276
2.39335	0.872694	2.39592	0.873768
1.82579	0.602015	1.83012	0.604381
1.8241	0.601087	1.835	0.607045

lambda		0.45525	0.455203	0.418003	0.417824	0.792997	0.791791	
mu		0	0	0	0	0.447848	0.444335	
macro	ABS	non-ABS
0	0	1
0	1	0
0	1	0
0	1	0
0	0	0
0	1	0
1415	218196	80389
1401	218251	80348
258	267133	32609
243	266788	32969
59411	113305	13324
59303	113665	13462


simulation time	
rate RU		 thoroughput
2.19633	0.786788	2.20357	0.790077
2.19886	0.787937	2.20044	0.788659
2.39295	0.872527	2.39711	0.874262
2.39234	0.872272	2.39565	0.873653
1.82592	0.602083	1.83059	0.60464
1.82421	0.601149	1.83469	0.606877

lambda		0.455305	0.454785	0.417898	0.418012	0.792371	0.791747	
mu		0	0	0	0	0.446822	0.444299	
macro	ABS	non-ABS
0	1	0
0	1	0
0	0	1
0	1	0
0	1	0
0	0	0
1465	225537	82998
1449	225596	82955
263	276004	33733
253	275707	34040
61335	117130	13767
61219	117458	13920


simulation time	
rate RU		 thoroughput
2.19861	0.787826	2.20383	0.790196
2.19961	0.788282	2.20054	0.788702
2.39204	0.872147	2.3968	0.874133
2.39334	0.872688	2.39576	0.8737
1.82398	0.601023	1.82962	0.604106
1.82594	0.602095	1.83548	0.607308

lambda		0.454829	0.454626	0.418053	0.417833	0.793184	0.790647	
mu		0	0	0	0	0.446773	0.443654	
macro	ABS	non-ABS
0	1	0
0	1	0
0	0	1
0	1	0
0	1	0
0	0	0
1512	232844	85644
1496	232951	85553
269	284948	34783
259	284552	35189
63248	120893	14179
63100	121360	14371


simulation time	
rate RU		 thoroughput
2.1995	0.78823	2.20386	0.79021
2.20023	0.78856	2.20096	0.788894
2.39371	0.872846	2.39697	0.874207
2.39342	0.872722	2.3957	0.873674
1.82552	0.601864	1.83014	0.604394
1.82426	0.601176	1.83448	0.60676

lambda		0.454649	0.454509	0.417755	0.417811	0.792502	0.791345	
mu		0	0	0	0	0.446728	0.443608	
macro	ABS	non-ABS
0	1	0
0	0	1
0	1	0
0	1	0
0	0	0
0	1	0
1557	240135	88308
1537	240273	88190
276	293844	35880
269	293458	36273
65221	124753	14604
65027	125096	14837


simulation time	
rate RU		 thoroughput
2.19761	0.78737	2.20333	0.789969
2.19856	0.787803	2.2006	0.78873
2.61139	0.959882	2.39758	0.874461
2.3922	0.872213	2.39541	0.873553
1.8254	0.6018	1.83053	0.604606
1.82577	0.602001	1.83487	0.606973

lambda		0.455045	0.454841	0.391211	0.418028	0.791974	0.790656	
mu		0	0	0	0	0.445659	0.443569	
macro	ABS	non-ABS
0	1	0
0	1	0
0	0	1
0	1	0
0	0	0
0	1	0
1609	247363	91028
1579	247492	90929
283	302747	36970
279	302334	37387
67278	128530	15028
67077	128833	15269


simulation time	
rate RU		 thoroughput
2.20223	0.789469	2.20414	0.790339
2.19899	0.787999	2.20062	0.788741
2.39428	0.873083	2.39742	0.874392
2.39078	0.871619	2.39505	0.873403
1.8255	0.601856	1.83101	0.604869
1.82494	0.601548	1.83441	0.606725

lambda		0.454089	0.454756	0.417661	0.418269	0.791346	0.790842	
mu		0	0	0	0	0.444588	0.443269	
macro	ABS	non-ABS
0	0	1
0	0	1
0	1	0
0	1	0
1	0	0
1	0	0
1664	254686	93650
1615	254830	93555
293	311685	38022
284	311214	38502
69167	132415	15482
69021	132596	15670


simulation time	
rate RU		 thoroughput
2.20001	0.788463	2.20361	0.790098
2.19749	0.787317	2.20025	0.788569
2.39466	0.873243	2.39739	0.87438
2.39166	0.871986	2.39508	0.873416
1.82569	0.601959	1.83135	0.605056
1.82565	0.601935	1.83447	0.606758

lambda		0.454543	0.455074	0.417598	0.418122	0.790851	0.790524	
mu		0	0	0	0	0.443855	0.44322	
macro	ABS	non-ABS
0	0	1
0	0	1
0	1	0
0	0	1
1	0	0
1	0	0
1716	261906	96378
1662	261965	96373
302	320575	39123
289	320119	39592
71226	136131	15951
71103	136343	16115


simulation time	
rate RU		 thoroughput
2.20107	0.788944	2.20376	0.790164
2.19821	0.787646	2.20036	0.788623
2.39557	0.873621	2.3975	0.874427
2.39206	0.872156	2.39505	0.873404
1.82503	0.601594	1.83094	0.604829
1.82615	0.602212	1.83459	0.60682

lambda		0.454326	0.45491	0.417436	0.418052	0.791111	0.790169	
mu		0	0	0	0	0.443804	0.442965	
macro	ABS	non-ABS
0	0	1
0	0	1
0	1	0
0	1	0
1	0	0
1	0	0
1760	269273	98967
1715	269217	99068
314	329499	40187
296	329026	40678
73162	139897	16423
73098	140161	16524


simulation time	
rate RU		 thoroughput
2.2019	0.789319	2.20386	0.790211
2.19858	0.787812	2.20038	0.788629
2.39277	0.872451	2.39693	0.874187
2.39106	0.871737	2.39477	0.873285
1.82566	0.601943	1.83108	0.604906
1.82601	0.602131	1.8345	0.606771

lambda		0.454161	0.45484	0.417932	0.418226	0.790818	0.79003	
mu		0	0	0	0	0.443756	0.442617	
macro	ABS	non-ABS
0	1	0
0	1	0
0	0	1
0	1	0
0	0	0
0	1	0
1804	276608	101588
1753	276465	101782
323	338415	41262
306	337884	41810
75105	143710	16867
75078	143953	16928


simulation time	
rate RU		 thoroughput
2.20103	0.788923	2.20363	0.790108
2.18889	0.783393	2.20075	0.788798
2.39242	0.872304	2.39675	0.874115
2.39021	0.87138	2.39452	0.873182
1.82427	0.601177	1.83036	0.604515
1.82617	0.602223	1.83519	0.607151

lambda		0.454328	0.45686	0.417981	0.418372	0.791385	0.789104	
mu		0	0	0	0	0.443715	0.441022	
macro	ABS	non-ABS
0	1	0
0	1	0
0	1	0
0	1	0
0	1	0
0	0	0
1850	283865	104285
1802	283746	104452
334	347376	42290
316	346781	42903
77086	147418	17310
77052	147814	17374


simulation time	
rate RU		 thoroughput
2.20217	0.789444	2.20382	0.790193
2.19219	0.784899	2.20119	0.788997
2.39119	0.871789	2.3964	0.873968
2.39159	0.871957	2.39465	0.873238
1.82523	0.601708	1.83066	0.604675
1.82606	0.602159	1.835	0.607044

lambda		0.454098	0.456168	0.418204	0.418137	0.790948	0.789069	
mu		0	0	0	0	0.443677	0.44088	
macro	ABS	non-ABS
0	1	0
0	1	0
0	1	0
0	1	0
0	1	0
0	0	0
1894	291178	106928
1853	291061	107086
343	356249	43408
323	355642	44035
79067	151230	17740
79000	151586	17833


simulation time	
rate RU		 thoroughput
2.20321	0.789914	2.204	0.790276
2.19602	0.786645	2.2018	0.789277
2.39174	0.872021	2.39637	0.873957
2.39196	0.872113	2.39467	0.873244
1.82548	0.601841	1.83065	0.604671
1.82576	0.601998	1.83481	0.606944

lambda		0.453888	0.455366	0.418106	0.418065	0.790827	0.789031	
mu		0	0	0	0	0.443631	0.440602	
macro	ABS	non-ABS
0	1	0
0	1	0
0	1	0
0	1	0
0	0	0
0	1	0
1934	298516	109550
1902	298379	109719
357	365161	44482
328	364541	45131
80967	155037	18193
80916	155416	18270


simulation time	
rate RU		 thoroughput
2.19613	0.786698	2.20374	0.790158
2.19719	0.78718	2.20192	0.78933
2.39161	0.871968	2.39624	0.873902
2.39245	0.872318	2.39469	0.873255
1.82457	0.601344	1.83015	0.604399
1.82565	0.601934	1.8352	0.607154

lambda		0.455344	0.455123	0.418122	0.417984	0.791192	0.788427	
mu		0	0	0	0	0.443595	0.439369	
macro	ABS	non-ABS
0	1	0
0	1	0
0	1	0
0	0	1
0	1	0
0	0	0
1979	305754	112267
1951	305626	112423
362	374017	45621
337	373429	46234
82988	158767	18617
82907	159232	18723


simulation time	
rate RU		 thoroughput
2.19601	0.786643	2.20354	0.790064
2.19844	0.787746	2.20207	0.789399
2.39353	0.872769	2.39648	0.874001
2.38833	0.870596	2.39507	0.873412
1.82522	0.601699	1.83032	0.604491
1.82559	0.601901	1.83522	0.607164

lambda		0.455366	0.45487	0.417793	0.418705	0.790898	0.788186	
mu		0	0	0	0	0.44356	0.438911	
macro	ABS	non-ABS
0	1	0
0	0	1
0	1	0
0	0	1
0	0	1
1	0	0
2026	312975	114999
2000	312877	115123
368	382944	46688
352	382304	47344
85016	162510	19065
84913	163008	19187


simulation time	
rate RU		 thoroughput
2.19544	0.786381	2.20323	0.789926
2.19986	0.788392	2.2023	0.789501
2.39422	0.873056	2.39653	0.874024
2.38971	0.871174	2.39517	0.873455
1.82621	0.602241	1.83077	0.604734
1.82425	0.601171	1.83444	0.606737

lambda		0.455494	0.45457	0.417677	0.41846	0.790341	0.788745	
mu		0	0	0	0	0.443335	0.438873	
macro	ABS	non-ABS
0	1	0
0	1	0
0	1	0
0	1	0
0	1	0
0	0	0
2076	320268	117656
2048	320144	117808
371	391822	47807
363	391138	48499
87032	166374	19472
86882	166716	19641


simulation time	
rate RU		 thoroughput
2.1959	0.78659	2.20317	0.789895
2.20031	0.788599	2.20234	0.78952
2.39454	0.873191	2.39655	0.874031
2.39014	0.87135	2.39514	0.873444
1.82586	0.602049	1.83075	0.604727
1.82428	0.601184	1.83424	0.606632

lambda		0.455393	0.454486	0.41761	0.418383	0.790241	0.788711	
mu		0	0	0	0	0.44284	0.438845	
macro	ABS	non-ABS
0	1	0
0	0	1
0	1	0
0	1	0
0	0	0
0	1	0
2124	327536	120340
2095	327469	120436
378	400747	48875
368	400047	49585
89015	170165	19915
88862	170487	20088


simulation time	
rate RU		 thoroughput
2.19756	0.787349	2.20337	0.789987
2.19926	0.788122	2.20207	0.789398
2.39521	0.873469	2.39663	0.874063
2.39093	0.871682	2.39517	0.873453
1.82624	0.602259	1.83112	0.604929
1.82437	0.601236	1.83408	0.606541

lambda		0.455055	0.454701	0.417501	0.418252	0.789761	0.78867	
mu		0	0	0	0	0.442279	0.43881	
macro	ABS	non-ABS
0	1	0
0	1	0
0	1	0
0	1	0
0	1	0
0	0	0
2173	334887	122940
2137	334751	123112
390	409640	49970
378	408944	50678
90958	173995	20358
90839	174256	20503


simulation time	
rate RU		 thoroughput
2.19743	0.787289	2.20323	0.789923
2.19972	0.78833	2.20212	0.789419
2.39465	0.873237	2.3965	0.874008
2.39107	0.871742	2.3951	0.873427
1.82593	0.602088	1.83118	0.604963
1.82514	0.601659	1.83424	0.606628

lambda		0.455075	0.454592	0.417599	0.418224	0.789589	0.78831	
mu		0	0	0	0	0.441735	0.438779	
macro	ABS	non-ABS
0	1	0
0	1	0
0	1	0
0	1	0
0	1	0
0	0	0
2221	342145	125634
2188	342084	125728
400	418525	51075
382	417842	51776
92937	177772	20772
92778	178081	20953


simulation time	
rate RU		 thoroughput
2.19616	0.786712	2.20283	0.789743
2.20077	0.788809	2.20228	0.789494
2.3929	0.872506	2.39615	0.873863
2.39231	0.87226	2.39524	0.873482
1.82593	0.60209	1.83109	0.604913
1.82597	0.602113	1.83452	0.606784

lambda		0.455342	0.454389	0.4179	0.418013	0.789566	0.787841	
mu		0	0	0	0	0.441694	0.438576	
macro	ABS	non-ABS
0	1	0
0	1	0
0	1	0
0	0	1
0	1	0
0	0	0
2287	349419	128294
2235	349346	128419
408	427428	52164
393	426786	52821
94883	181563	21231
94746	181874	21387


simulation time	
rate RU		 thoroughput
2.19545	0.786389	2.20253	0.789607
2.19935	0.788163	2.20194	0.78934
2.39245	0.872316	2.396	0.8738
2.39351	0.872759	2.39541	0.873553
1.82604	0.602148	1.83153	0.605153
1.82546	0.601833	1.83415	0.606579

lambda		0.455494	0.45468	0.417978	0.417798	0.789017	0.788039	
mu		0	0	0	0	0.440766	0.438536	
macro	ABS	non-ABS
0	0	1
0	1	0
0	1	0
0	1	0
1	0	0
0	0	1
2337	356670	130993
2282	356618	131100
416	436348	53236
402	435728	53870
96867	185380	21664
96724	185634	21825


simulation time	
rate RU		 thoroughput
2.19732	0.78724	2.2028	0.789731
2.20039	0.788633	2.20212	0.789421
2.39343	0.872727	2.39611	0.873846
2.39281	0.872467	2.39524	0.873484
1.82541	0.601806	1.83123	0.604985
1.82588	0.602063	1.83418	0.606598

lambda		0.455101	0.454459	0.417812	0.41792	0.789208	0.787832	
mu		0	0	0	0	0.440614	0.438497	
macro	ABS	non-ABS
0	1	0
0	1	0
0	0	1
0	1	0
0	0	0
0	1	0
2386	364011	133603
2323	363937	133740
421	445218	54361
414	444617	54969
98775	189191	22099
98660	189469	22234


simulation time	
rate RU		 thoroughput
2.19712	0.787147	2.20265	0.789662
2.20248	0.789585	2.20253	0.789608
2.39299	0.872545	2.39598	0.873792
2.39207	0.872161	2.39506	0.873408
1.82539	0.601794	1.83113	0.604934
1.82595	0.602099	1.83438	0.606707

lambda		0.455145	0.454026	0.417886	0.418042	0.789191	0.78747	
mu		0	0	0	0	0.440576	0.437884	
macro	ABS	non-ABS
0	0	1
0	1	0
0	1	0
0	1	0
0	0	0
0	1	0
2426	371291	136283
2363	371295	136342
426	454094	55480
430	453485	56085
100750	192943	22517
100583	193316	22699


simulation time	
rate RU		 thoroughput
2.19576	0.786528	2.20225	0.78948
2.19895	0.78798	2.20237	0.789533
2.39231	0.872261	2.3958	0.873715
2.39101	0.871715	2.3948	0.873301
1.82611	0.602186	1.83134	0.60505
1.82587	0.602054	1.83434	0.606684

lambda		0.455426	0.454755	0.418007	0.418228	0.78887	0.787347	
mu		0	0	0	0	0.440538	0.437614	
macro	ABS	non-ABS
0	0	1
0	1	0
0	1	0
0	1	0
0	0	0
0	1	0
2491	378513	138996
2407	378554	139039
430	462926	56644
438	462389	57173
102791	196720	23006
102648	196998	23160


simulation time	
rate RU		 thoroughput
2.19582	0.786554	2.20214	0.78943
2.19969	0.788318	2.20245	0.789572
2.39389	0.872918	2.39602	0.873811
2.39097	0.871698	2.39472	0.873265
1.82603	0.602143	1.83142	0.605092
1.82623	0.602251	1.83436	0.606695

lambda		0.455415	0.454609	0.417733	0.418239	0.78869	0.787167	
mu		0	0	0	0	0.44018	0.437552	
macro	ABS	non-ABS
0	0	1
0	0	1
0	1	0
0	1	0
1	0	0
1	0	0
2537	385815	141648
2451	385852	141697
440	471871	57689
441	471227	58332
104721	200541	23458
104618	200789	23571


simulation time	
rate RU		 thoroughput
2.197	0.787095	2.20229	0.789497
2.20051	0.788688	2.2026	0.789637
2.39377	0.87287	2.39595	0.873782
2.3913	0.871838	2.39471	0.873264
1.82625	0.602263	1.83144	0.605103
1.82551	0.601862	1.83402	0.606513

lambda		0.455161	0.454431	0.417754	0.418182	0.788568	0.787348	
mu		0	0	0	0	0.440096	0.43733	
macro	ABS	non-ABS
0	1	0
0	1	0
0	1	0
0	1	0
0	0	0
0	1	0
2585	393091	144324
2508	393189	144303
446	480762	58792
451	480100	59449
106695	204381	23854
106546	204571	24010


simulation time	
rate RU		 thoroughput
2.1982	0.787639	2.20245	0.789568
2.19966	0.788303	2.20236	0.78953
2.39451	0.873179	2.39605	0.873822
2.39153	0.871932	2.39469	0.873256
1.8257	0.601963	1.83116	0.604949
1.82564	0.601931	1.83394	0.606468

lambda		0.454922	0.454617	0.417621	0.418138	0.788748	0.787277	
mu		0	0	0	0	0.440016	0.437294	
macro	ABS	non-ABS
0	1	0
0	1	0
0	1	0
0	1	0
0	0	0
0	1	0
2637	400427	146936
2552	400528	146920
453	489696	59851
461	489005	60534
108621	208204	24294
108484	208372	24441


simulation time	
rate RU		 thoroughput
2.19877	0.787898	2.20249	0.78959
2.19788	0.787494	2.20193	0.789335
2.37823	0.866357	2.39651	0.874013
2.39148	0.87191	2.39463	0.873228
1.82596	0.602106	1.8312	0.60497
1.82615	0.602211	1.83409	0.606548

lambda		0.454801	0.454979	0.420484	0.41815	0.788611	0.786985	
mu		0	0	0	0	0.439981	0.437142	
macro	ABS	non-ABS
0	1	0
0	1	0
0	1	0
0	1	0
0	0	0
0	1	0
2678	407692	149630
2606	407692	149702
459	498586	60955
471	497894	61635
110642	211954	24754
110540	212130	24868


simulation time	
rate RU		 thoroughput
2.20046	0.788666	2.20279	0.789725
2.19796	0.787532	2.20188	0.789312
2.37915	0.866744	2.39637	0.873954
2.39294	0.872525	2.39484	0.873315
1.82542	0.60181	1.83107	0.604903
1.82628	0.602284	1.83426	0.606639

lambda		0.454449	0.454964	0.420316	0.417896	0.788642	0.786677	
mu		0	0	0	0	0.439602	0.436691	
macro	ABS	non-ABS
0	1	0
0	1	0
0	1	0
0	1	0
0	1	0
0	0	0
2729	414948	152323
2649	414960	152391
469	507517	62014
482	506785	62733
112618	215731	25202
112546	215916	25292


simulation time	
rate RU		 thoroughput
2.20026	0.788577	2.2027	0.789686
2.19921	0.788097	2.20208	0.789403
2.38281	0.868281	2.39674	0.874109
2.3928	0.872465	2.39477	0.873289
1.82567	0.601946	1.83126	0.605003
1.82598	0.602115	1.83424	0.606631

lambda		0.454491	0.454711	0.419668	0.417921	0.788363	0.78655	
mu		0	0	0	0	0.439293	0.436219	
macro	ABS	non-ABS
0	1	0
0	1	0
0	0	1
0	1	0
0	0	0
0	1	0
2779	422258	154963
2700	422241	155059
477	516422	63101
490	515660	63850
114574	219541	25650
114509	219697	25727


simulation time	
rate RU		 thoroughput
2.199	0.788005	2.20239	0.789543
2.19928	0.788131	2.20205	0.789391
2.38401	0.868782	2.39672	0.874102
2.39354	0.872775	2.39489	0.873336
1.82546	0.601833	1.83109	0.604909
1.82595	0.602103	1.83415	0.606582

lambda		0.454751	0.454691	0.419464	0.417787	0.788439	0.786499	
mu		0	0	0	0	0.439261	0.436114	
macro	ABS	non-ABS
0	1	0
0	1	0
0	0	1
0	1	0
0	1	0
0	0	0
2831	429479	157690
2759	429502	157739
482	525286	64232
496	524572	64932
116572	223319	26105
116512	223460	26169


simulation time	
rate RU		 thoroughput
2.19954	0.788247	2.20245	0.78957
2.20004	0.788477	2.20216	0.78944
2.38482	0.869123	2.39666	0.874076
2.39392	0.872934	2.39493	0.873355
1.82591	0.60208	1.83145	0.605105
1.82546	0.601834	1.83389	0.606441

lambda		0.45464	0.454539	0.419324	0.417724	0.787987	0.786618	
mu		0	0	0	0	0.438795	0.435942	
macro	ABS	non-ABS
0	1	0
0	1	0
0	1	0
0	0	1
0	0	0
0	1	0
2879	436800	160321
2801	436774	160425
491	534205	65304
500	533488	66012
118540	227156	26545
118498	227200	26597


simulation time	
rate RU		 thoroughput
2.20076	0.788801	2.20266	0.789666
2.20072	0.788782	2.20227	0.789486
2.38553	0.869422	2.39661	0.874053
2.39403	0.872979	2.39494	0.873356
1.82564	0.601928	1.83154	0.605157
1.82537	0.601783	1.83373	0.606353

lambda		0.45439	0.454398	0.419194	0.417703	0.787801	0.78664	
mu		0	0	0	0	0.438235	0.435913	
macro	ABS	non-ABS
0	1	0
0	1	0
0	0	1
0	1	0
0	0	0
0	1	0
2941	444187	162872
2850	444087	163063
497	543130	66373
508	542393	67099
120473	230983	27000
120447	230964	27043


simulation time	
rate RU		 thoroughput
2.1995	0.78823	2.20236	0.789531
2.19988	0.788402	2.20205	0.78939
2.38466	0.869057	2.39627	0.873912
2.39885	0.874989	2.39515	0.873445
1.82628	0.60228	1.8318	0.605299
1.8254	0.601799	1.83362	0.606294

lambda		0.454645	0.454577	0.419349	0.415908	0.787447	0.786614	
mu		0	0	0	0	0.438088	0.435883	
macro	ABS	non-ABS
0	0	1
0	0	1
0	1	0
0	1	0
1	0	0
1	0	0
2988	451496	165516
2882	451400	165718
506	551996	67498
516	551284	68200
122452	234807	27437
122435	234713	27473


simulation time	
rate RU		 thoroughput
2.20058	0.78872	2.20255	0.789614
2.20099	0.788909	2.20226	0.789485
2.38652	0.869837	2.39643	0.873979
2.37966	0.866959	2.39508	0.873417
1.82604	0.602148	1.83193	0.605372
1.82495	0.601551	1.83331	0.606124

lambda		0.454428	0.454338	0.419018	0.42023	0.787221	0.786796	
mu		0	0	0	0	0.437505	0.435854	
macro	ABS	non-ABS
0	1	0
0	1	0
0	1	0
0	1	0
0	1	0
0	0	0
3044	458808	168148
2939	458678	168383
516	560893	68591
524	560174	69302
124380	238665	27896
124371	238458	27929


simulation time	
rate RU		 thoroughput
2.20052	0.788696	2.2025	0.789594
2.20032	0.788605	2.20208	0.789404
2.38628	0.869735	2.39623	0.873895
2.38072	0.867403	2.39505	0.873402
1.82591	0.602081	1.8318	0.605296
1.82513	0.601653	1.83329	0.606112

lambda		0.454438	0.454483	0.419065	0.420036	0.787266	0.78669	
mu		0	0	0	0	0.437472	0.435827	
macro	ABS	non-ABS
0	1	0
0	1	0
0	1	0
0	1	0
0	0	0
0	1	0
3089	466067	170844
2982	465941	171077
528	569774	69698
531	569063	70406
126359	242447	28371
126374	242210	28375


simulation time	
rate RU		 thoroughput
2.2015	0.78914	2.20269	0.789678
2.20042	0.788648	2.20208	0.789403
2.38667	0.8699	2.39615	0.873862
2.38351	0.868575	2.39533	0.873522
1.82612	0.602195	1.83199	0.605403
1.82515	0.601663	1.83318	0.606052

lambda		0.454233	0.454459	0.418993	0.419548	0.78698	0.786675	
mu		0	0	0	0	0.43712	0.4358	
macro	ABS	non-ABS
0	1	0
0	1	0
0	1	0
0	1	0
0	1	0
0	0	0
3145	473394	173461
3027	473272	173701
536	578707	70757
542	577975	71483
128294	246278	28820
128329	245987	28798


simulation time	
rate RU		 thoroughput
2.20285	0.78975	2.20294	0.789795
2.20201	0.789369	2.20239	0.789543
2.38644	0.869802	2.39596	0.873786
2.38477	0.869104	2.39539	0.873545
1.82608	0.60217	1.83205	0.605434
1.82493	0.601544	1.83299	0.605946

lambda		0.45396	0.454135	0.419036	0.419326	0.786832	0.786747	
mu		0	0	0	0	0.436812	0.435776	
macro	ABS	non-ABS
0	0	1
0	0	1
0	1	0
0	1	0
1	0	0
1	0	0
3182	480739	176079
3085	480635	176280
543	587620	71837
553	586873	72574
130200	250101	29248
130216	249815	29251


simulation time	
rate RU		 thoroughput
2.203	0.789818	2.20327	0.789941
2.18811	0.783037	2.20249	0.789587
2.38676	0.869935	2.39589	0.873753
2.38507	0.869228	2.39529	0.873502
1.82593	0.60209	1.83191	0.605361
1.82477	0.601456	1.8328	0.605845

lambda		0.453925	0.457763	0.418979	0.419275	0.786874	0.786811	
mu		0	0.0016383	0	0	0.436781	0.435754	
macro	ABS	non-ABS
0	0	1
0	0	1
0	1	0
0	1	0
1	0	0
1	0	0
3228	488100	178672
3137	487942	178921
545	596506	72949
557	595753	73690
132148	253908	29650
132149	253643	29676


simulation time	
rate RU		 thoroughput
2.2024	0.78955	2.20313	0.789881
2.1862	0.782163	2.2026	0.789636
2.38837	0.87061	2.39604	0.873818
2.38666	0.869894	2.39542	0.87356
1.82627	0.602273	1.83207	0.605446
1.82464	0.601385	1.83264	0.60576

lambda		0.45405	0.457415	0.418697	0.418999	0.786631	0.786849	
mu		0	0	0	0	0.436589	0.435731	
macro	ABS	non-ABS
0	0	1
0	0	1
0	0	1
0	1	0
1	0	0
1	0	0
3280	495424	181296
3182	495298	181520
547	605414	74039
564	604675	74761
134088	257744	30080
134090	257429	30104


simulation time	
rate RU		 thoroughput
2.20201	0.789369	2.20304	0.789837
2.18661	0.782354	2.20244	0.789568
2.38815	0.87052	2.39589	0.873755
2.38745	0.870226	2.39544	0.873569
1.82628	0.602279	1.83236	0.605605
1.82474	0.601436	1.83258	0.605725

lambda		0.454134	0.457329	0.418732	0.418861	0.786253	0.786799	
mu		0	0	0	0	0.435914	0.435709	
macro	ABS	non-ABS
0	0	1
0	1	0
0	0	1
0	1	0
1	0	0
0	0	1
3340	502745	183915
3229	502543	184228
555	614332	75113
570	613558	75872
136064	261562	30542
136096	261161	30533


simulation time	
rate RU		 thoroughput
2.20001	0.788462	2.20261	0.789643
2.18833	0.78314	2.20259	0.789634
2.38962	0.871134	2.39604	0.873817
2.38802	0.870466	2.39544	0.873566
1.82621	0.602244	1.83289	0.605896
1.82419	0.601134	1.83224	0.605539

lambda		0.454538	0.456967	0.418481	0.418758	0.785628	0.787026	
mu		0	0	0	0	0.43471	0.43569	
macro	ABS	non-ABS
0	1	0
0	1	0
0	1	0
0	0	1
0	0	0
0	1	0
3380	509974	186646
3281	509819	186900
564	623233	76203
573	622441	76986
138075	265405	30972
138086	264868	30985


simulation time	
rate RU		 thoroughput
2.20085	0.788846	2.20275	0.789708
2.18889	0.783395	2.2025	0.789595
2.39071	0.871591	2.39615	0.873864
2.38916	0.87094	2.39553	0.873606
1.82628	0.602281	1.83305	0.605984
1.82422	0.60115	1.83214	0.605484

lambda		0.454365	0.456854	0.418287	0.41856	0.78537	0.787013	
mu		0	0	0	0	0.43431	0.435674	
macro	ABS	non-ABS
0	1	0
0	1	0
0	1	0
0	1	0
0	1	0
0	0	0
3423	517248	189329
3337	517158	189505
568	632162	77270
579	631369	78052
140073	269192	31408
140052	268633	31457


simulation time	
rate RU		 thoroughput
2.20115	0.788978	2.20278	0.789722
2.18916	0.783518	2.20237	0.789536
2.39173	0.872016	2.39627	0.873912
2.38928	0.870992	2.39547	0.873579
1.82523	0.601704	1.83255	0.605708
1.82545	0.601826	1.83258	0.605725

lambda		0.45431	0.456797	0.418104	0.418537	0.785776	0.786466	
mu		0	0	0	0	0.434213	0.435654	
macro	ABS	non-ABS
0	0	1
0	0	1
0	1	0
0	1	0
1	0	0
1	0	0
3476	524586	191938
3380	524426	192194
575	641090	78335
589	640310	79101
142007	272893	31877
142036	272513	31883


simulation time	
rate RU		 thoroughput
2.2008	0.788821	2.20269	0.789679
2.18959	0.783715	2.20228	0.789493
2.39201	0.872136	2.39625	0.873906
2.39009	0.87133	2.39553	0.873605
1.8253	0.601745	1.8325	0.605683
1.82585	0.602046	1.83267	0.605773

lambda		0.454381	0.45671	0.418056	0.418393	0.785724	0.786281	
mu		0	0	0	0	0.434188	0.435627	
macro	ABS	non-ABS
0	1	0
0	1	0
0	1	0
0	1	0
0	1	0
0	0	0
3531	531904	194565
3421	531654	194925
584	649983	79433
596	649213	80191
143979	276669	32332
144014	276305	32325


simulation time	
rate RU		 thoroughput
2.2012	0.789002	2.20275	0.789705
2.19066	0.784203	2.20234	0.789522
2.39203	0.872144	2.3962	0.873883
2.38893	0.870846	2.39525	0.873487
1.82607	0.602164	1.83275	0.605817
1.82585	0.602045	1.83262	0.605746

lambda		0.454301	0.456483	0.41805	0.418599	0.785382	0.78624	
mu		0	0	0	0	0.434164	0.435552	
macro	ABS	non-ABS
0	1	0
0	1	0
0	1	0
0	1	0
0	1	0
0	0	0
3575	539178	197247
3475	538965	197560
592	658944	80464
605	658121	81274
145931	280501	32757
145960	280089	32758


simulation time	
rate RU		 thoroughput
2.20117	0.78899	2.20273	0.789697
2.192	0.784816	2.20248	0.789583
2.39274	0.872438	2.39627	0.873913
2.38993	0.871263	2.39535	0.873528
1.82613	0.602197	1.83277	0.605827
1.82572	0.601972	1.83249	0.605675

lambda		0.4543	0.456202	0.41793	0.418422	0.785273	0.786278	
mu		0	0	0	0	0.433996	0.435526	
macro	ABS	non-ABS
0	1	0
0	1	0
0	1	0
0	1	0
0	0	0
0	1	0
3627	546512	199861
3522	546317	200161
599	667855	81546
610	667064	82326
147856	284305	33202
147873	283905	33219


simulation time	
rate RU		 thoroughput
2.20058	0.78872	2.20258	0.78963
2.19174	0.784695	2.20229	0.789496
2.39281	0.872468	2.39623	0.873898
2.39038	0.871454	2.39536	0.873534
1.82566	0.601944	1.8325	0.605681
1.82618	0.602229	1.83275	0.605819

lambda		0.454423	0.456256	0.41792	0.418343	0.785451	0.785928	
mu		0	0	0	0	0.43397	0.435245	
macro	ABS	non-ABS
0	1	0
0	1	0
0	1	0
0	1	0
0	1	0
0	0	0
3671	553786	202543
3563	553576	202861
607	676759	82634
619	676001	83380
149840	288043	33623
149860	287750	33645


simulation time	
rate RU		 thoroughput
2.20082	0.788828	2.2026	0.78964
2.19248	0.785033	2.2023	0.789503
2.3945	0.873173	2.39649	0.874006
2.39071	0.871589	2.39535	0.87353
1.82619	0.602232	1.83273	0.605807
1.82612	0.602194	1.83268	0.605779

lambda		0.454375	0.456107	0.417627	0.418287	0.785133	0.785915	
mu		0	0	0	0	0.433804	0.435171	
macro	ABS	non-ABS
0	1	0
0	1	0
0	1	0
0	1	0
0	1	0
0	0	0
3726	561059	205215
3597	560817	205586
613	685685	83702
626	684933	84441
151819	291851	34080
151873	291496	34074


simulation time	
rate RU		 thoroughput
2.20068	0.788767	2.20255	0.789615
2.19435	0.785888	2.20257	0.789627
2.39342	0.872721	2.39628	0.873916
2.39116	0.871779	2.39537	0.873537
1.82561	0.601911	1.83241	0.605633
1.82629	0.602286	1.83303	0.605971

lambda		0.454405	0.455718	0.417813	0.418209	0.785366	0.785476	
mu		0	0	0	0	0.433777	0.434498	
macro	ABS	non-ABS
0	1	0
0	1	0
0	1	0
0	1	0
0	1	0
0	0	0
3777	568319	207904
3656	568112	208232
621	694588	84791
637	693756	85607
153812	295546	34524
153853	295351	34537


simulation time	
rate RU		 thoroughput
2.20163	0.789199	2.20272	0.789694
2.19465	0.786021	2.20253	0.789608
2.39378	0.872872	2.3963	0.873928
2.39185	0.872069	2.39544	0.873568
1.8262	0.602236	1.8326	0.605737
1.82601	0.602131	1.83297	0.605938

lambda		0.454211	0.455655	0.417753	0.418087	0.785092	0.78545	
mu		0	0	0	0	0.433727	0.43424	
macro	ABS	non-ABS
0	1	0
0	1	0
0	0	1
0	1	0
0	0	0
0	1	0
3825	575581	210594
3709	575377	210914
624	703467	85909
644	702665	86691
155818	299352	34980
155871	299078	34972


simulation time	
rate RU		 thoroughput
2.20074	0.788795	2.20252	0.789602
2.19616	0.786708	2.20276	0.78971
2.39346	0.872742	2.39622	0.873891
2.39131	0.871841	2.3953	0.87351
1.82624	0.602257	1.83301	0.605957
1.82556	0.601885	1.83269	0.605787

lambda		0.454394	0.455337	0.417804	0.418182	0.784605	0.785637	
mu		0	0	0	0	0.432891	0.434215	
macro	ABS	non-ABS
0	1	0
0	1	0
0	1	0
0	1	0
0	1	0
0	0	0
3883	582853	213264
3760	582684	213556
636	712338	87026
652	711565	87783
157802	303199	35429
157833	302788	35442


simulation time	
rate RU		 thoroughput
2.20054	0.788702	2.20246	0.789574
2.19595	0.786617	2.20263	0.789651
2.39383	0.872895	2.39625	0.873905
2.39186	0.87207	2.39535	0.873531
1.82566	0.601941	1.83304	0.605976
1.82554	0.601877	1.83262	0.605744

lambda		0.454433	0.455385	0.41774	0.418086	0.784484	0.785623	
mu		0	0	0	0	0.432192	0.434195	
macro	ABS	non-ABS
0	1	0
0	1	0
0	1	0
0	0	1
0	0	0
0	1	0
3945	590055	216000
3801	589906	216293
647	721198	88155
660	720465	88875
159808	306982	35893
159875	306529	35867


simulation time	
rate RU		 thoroughput
2.1995	0.78823	2.20221	0.789463
2.19517	0.786258	2.20238	0.789539
2.39393	0.872938	2.39624	0.873902
2.3912	0.871794	2.39519	0.873464
1.82532	0.601754	1.83282	0.605857
1.82628	0.602282	1.83306	0.605987

lambda		0.454647	0.455545	0.417719	0.418204	0.784611	0.785094	
mu		0	0	0	0	0.432169	0.4338	
macro	ABS	non-ABS
0	0	1
0	1	0
0	1	0
0	1	0
1	0	0
0	0	1
3996	597305	218699
3853	597144	219003
653	730077	89270
667	729333	90000
161806	310669	36369
161907	310364	36298


simulation time	
rate RU		 thoroughput
2.19957	0.788261	2.20219	0.789453
2.19749	0.787316	2.20279	0.789725
2.39314	0.872606	2.39607	0.873829
2.39279	0.872459	2.39544	0.873565
1.82512	0.601645	1.83266	0.605767
1.8263	0.602294	1.8331	0.60601

lambda		0.454635	0.455061	0.417861	0.417922	0.784686	0.78497	
mu		0	0	0	0	0.432147	0.433589	
macro	ABS	non-ABS
0	0	1
0	1	0
0	1	0
0	1	0
1	0	0
0	0	1
4043	604671	221286
3900	604510	221590
659	738973	90368
678	738254	91068
163717	314446	36823
163814	314214	36752


simulation time	
rate RU		 thoroughput
2.20076	0.788804	2.20241	0.789553
2.19755	0.787344	2.20274	0.789702
2.39427	0.873077	2.39624	0.8739
2.39217	0.872201	2.39529	0.873504
1.82483	0.601484	1.83245	0.605654
1.82607	0.602164	1.83326	0.606096

lambda		0.454388	0.455053	0.417665	0.41803	0.784803	0.784728	
mu		0	0	0	0	0.432129	0.432962	
macro	ABS	non-ABS
0	1	0
0	1	0
0	1	0
0	1	0
0	1	0
0	0	0
4086	611997	223917
3949	611806	224245
671	747892	91437
684	747130	92186
165686	318182	37271
165801	318051	37189


simulation time	
rate RU		 thoroughput
2.20098	0.788903	2.20244	0.789566
2.19855	0.787798	2.20289	0.789772
2.39513	0.873438	2.39637	0.873957
2.39208	0.872164	2.39524	0.873482
1.82523	0.601704	1.83254	0.605705
1.82607	0.602166	1.83327	0.606101

lambda		0.454339	0.454844	0.417509	0.418046	0.78462	0.784635	
mu		0	0	0	0	0.43211	0.432797	
macro	ABS	non-ABS
0	1	0
0	1	0
0	1	0
0	1	0
0	0	0
0	1	0
4148	619275	226577
3980	619126	226894
680	756836	92484
696	756054	93250
167673	321957	37753
167800	321802	37655


simulation time	
rate RU		 thoroughput
2.20203	0.789379	2.20264	0.789658
2.1989	0.787958	2.20292	0.789783
2.39499	0.873377	2.39633	0.873938
2.39253	0.872353	2.39528	0.8735
1.82461	0.601367	1.8322	0.60552
1.82614	0.602207	1.83335	0.606144

lambda		0.454127	0.454774	0.41754	0.417966	0.784873	0.784472	
mu		0	0	0	0	0.432092	0.432564	
macro	ABS	non-ABS
0	0	1
0	0	1
0	0	1
0	1	0
1	0	0
1	0	0
4211	626637	229152
4037	626440	229523
686	765752	93562
702	764926	94372
169597	325736	38226
169734	325620	38112


simulation time	
rate RU		 thoroughput
2.19816	0.78762	2.20277	0.789716
2.19973	0.788335	2.20305	0.789842
2.39451	0.873178	2.39623	0.873896
2.39325	0.872653	2.39538	0.87354
1.82461	0.601366	1.83212	0.605473
1.82586	0.602054	1.83316	0.606041

lambda		0.45515	0.454602	0.417623	0.41784	0.78487	0.784577	
mu		0.000484967	0	0	0	0.432077	0.432539	
macro	ABS	non-ABS
0	0	1
0	0	1
0	1	0
0	1	0
1	0	0
1	0	0
4257	633995	231748
4089	633772	232139
698	774701	94601
707	773867	95426
171528	329554	38666
171688	329419	38534


simulation time	
rate RU		 thoroughput
2.19798	0.787537	2.2029	0.789773
2.20047	0.788673	2.20317	0.789895
2.39374	0.872855	2.39607	0.873832
2.39252	0.872348	2.39522	0.873475
1.82486	0.601505	1.83216	0.605494
1.8254	0.601797	1.83288	0.60589

lambda		0.454964	0.454448	0.417759	0.417967	0.784748	0.784769	
mu		0	0	0	0	0.43206	0.432518	
macro	ABS	non-ABS
0	0	1
0	0	1
0	1	0
0	1	0
1	0	0
1	0	0
4305	641358	234337
4137	641122	234741
704	783580	95716
716	782755	96529
173455	333369	39127
173616	333206	38993


simulation time	
rate RU		 thoroughput
2.19883	0.787925	2.20302	0.78983
2.1996	0.788274	2.20295	0.789799
2.39375	0.872862	2.39605	0.873822
2.39229	0.872251	2.39514	0.873443
1.82496	0.601557	1.83213	0.605477
1.82568	0.601955	1.83293	0.605918

lambda		0.454786	0.454628	0.417755	0.41801	0.784699	0.784635	
mu		0	0	0	0	0.432042	0.432496	
macro	ABS	non-ABS
0	1	0
0	1	0
0	0	1
0	1	0
0	0	0
0	1	0
4354	648637	237009
4178	648420	237402
709	792502	96789
723	791606	97671
175414	337174	39567
175585	336996	39426


simulation time	
rate RU		 thoroughput
2.19915	0.788072	2.20305	0.789841
2.19956	0.788258	2.20291	0.789778
2.39312	0.872598	2.39591	0.873764
2.39217	0.8722	2.39509	0.873422
1.82483	0.601485	1.832	0.605406
1.82584	0.602039	1.83293	0.605918

lambda		0.454718	0.454637	0.417866	0.418031	0.784746	0.784555	
mu		0	0	0	0	0.432026	0.432473	
macro	ABS	non-ABS
0	1	0
0	1	0
0	1	0
0	1	0
0	0	0
0	1	0
4402	655984	239614
4228	655784	239988
718	801408	97874
728	800533	98739
177342	340994	39992
177489	340812	39881


simulation time	
rate RU		 thoroughput
2.19969	0.788316	2.20311	0.789871
2.20194	0.789338	2.20337	0.789989
2.39343	0.872726	2.39594	0.873775
2.39074	0.871604	2.39481	0.873303
1.82545	0.601826	1.8322	0.605517
1.82554	0.601874	1.83274	0.60581

lambda		0.454611	0.454146	0.41781	0.418281	0.784465	0.784674	
mu		0	0	0	0	0.432008	0.43245	
macro	ABS	non-ABS
0	0	1
0	0	1
0	1	0
0	1	0
1	0	0
1	0	0
4440	663313	242247
4269	663157	242574
726	810340	98934
741	809427	99832
179285	344850	40420
179421	344575	40325


simulation time	
rate RU		 thoroughput
2.20037	0.788627	2.20322	0.789919
2.20272	0.789693	2.20353	0.790059
2.39259	0.872376	2.39576	0.873701
2.38961	0.871129	2.39456	0.873199
1.82507	0.601619	1.83197	0.605392
1.8259	0.602074	1.83283	0.605862

lambda		0.454469	0.453982	0.417957	0.41848	0.784621	0.784503	
mu		0	0	0	0	0.43199	0.432428	
macro	ABS	non-ABS
0	1	0
0	1	0
0	1	0
0	1	0
0	1	0
0	0	0
4490	670613	244897
4315	670471	245214
734	819240	100026
748	818363	100889
181248	348600	40883
181397	348386	40777


simulation time	
rate RU		 thoroughput
2.19984	0.788383	2.20308	0.789858
2.20211	0.789417	2.20339	0.789996
2.39205	0.872149	2.39563	0.873646
2.39028	0.871412	2.39463	0.873228
1.82476	0.601451	1.83177	0.605285
1.82624	0.602259	1.83292	0.605912

lambda		0.454573	0.454109	0.418052	0.418361	0.784743	0.784336	
mu		0	0	0	0	0.431972	0.432383	
macro	ABS	non-ABS
0	1	0
0	1	0
0	1	0
0	0	1
0	0	0
0	1	0
4536	677867	247597
4364	677769	247867
740	828185	101075
752	827307	101941
183246	352326	41291
183350	352246	41231


simulation time	
rate RU		 thoroughput
2.20021	0.788552	2.20312	0.789876
2.20167	0.789214	2.20328	0.789947
2.39242	0.872305	2.39566	0.873658
2.39091	0.871672	2.39469	0.873255
1.82507	0.601617	1.83184	0.60532
1.8257	0.601963	1.83268	0.60578

lambda		0.454501	0.454202	0.417987	0.418253	0.784604	0.784505	
mu		0	0	0	0	0.431956	0.432268	
macro	ABS	non-ABS
0	1	0
0	0	1
0	1	0
0	1	0
0	0	0
0	1	0
4584	685194	250222
4418	685083	250499
747	837144	102109
756	836201	103043
185200	356153	41745
185304	356002	41685


simulation time	
rate RU		 thoroughput
2.19904	0.78802	2.20284	0.78975
2.20128	0.789038	2.20318	0.789902
2.39171	0.87201	2.39549	0.873589
2.39203	0.872143	2.39486	0.873324
1.82538	0.601789	1.83191	0.605359
1.82567	0.601947	1.83261	0.60574

lambda		0.454744	0.454281	0.418114	0.418054	0.78446	0.784506	
mu		0	0	0	0	0.43194	0.432246	
macro	ABS	non-ABS
0	1	0
0	0	1
0	1	0
0	1	0
0	1	0
0	0	0
4644	692468	252888
4464	692340	253196
758	846056	103186
765	845107	104128
187178	359946	42219
187320	359743	42124


simulation time	
rate RU		 thoroughput
2.20007	0.788488	2.20303	0.789832
2.20243	0.789561	2.2034	0.790001
2.39189	0.872083	2.39549	0.873589
2.39168	0.871996	2.39477	0.873285
1.82519	0.601682	1.83177	0.605282
1.82578	0.60201	1.8326	0.605734

lambda		0.454529	0.454047	0.418076	0.418116	0.784534	0.784444	
mu		0	0	0	0	0.431921	0.432226	
macro	ABS	non-ABS
0	1	0
0	0	1
0	1	0
0	0	1
0	0	1
1	0	0
4682	699893	255425
4510	699685	255805
763	854966	104271
778	854052	105170
189092	363734	42652
189201	363603	42585


simulation time	
rate RU		 thoroughput
2.19958	0.788265	2.20289	0.789769
2.20258	0.789627	2.20342	0.790012
2.39296	0.872531	2.39564	0.873652
2.39257	0.872368	2.39489	0.873338
1.826	0.602127	1.83206	0.605441
1.82536	0.601779	1.83236	0.605602

lambda		0.454633	0.454014	0.417893	0.417962	0.784176	0.784614	
mu		0	0	0	0	0.431902	0.432206	
macro	ABS	non-ABS
0	1	0
0	1	0
0	1	0
0	1	0
0	0	0
0	1	0
4729	707193	258078
4557	706967	258476
773	863854	105373
785	862959	106256
191057	367575	43129
191192	367304	43038


simulation time	
rate RU		 thoroughput
2.20057	0.788716	2.20306	0.789848
2.20191	0.789324	2.20327	0.789944
2.39321	0.872634	2.39566	0.873658
2.3924	0.872298	2.39484	0.873316
1.82598	0.602119	1.83201	0.605413
1.82518	0.601676	1.83221	0.605523

lambda		0.45443	0.454152	0.41785	0.41799	0.784166	0.784687	
mu		0	0	0	0	0.43188	0.432189	
macro	ABS	non-ABS
0	1	0
0	1	0
0	1	0
0	1	0
0	0	0
0	1	0
4778	714531	260691
4600	714241	261159
783	872743	106474
797	871870	107333
193000	371367	43590
193138	371094	43502


simulation time	
rate RU		 thoroughput
2.20141	0.7891	2.20322	0.789918
2.20177	0.78926	2.20323	0.789925
2.39392	0.872933	2.39576	0.873702
2.39365	0.872821	2.39504	0.873401
1.82628	0.602282	1.8321	0.605461
1.82519	0.601684	1.83216	0.605495

lambda		0.454252	0.454182	0.417724	0.417768	0.784016	0.784669	
mu		0	0	0	0	0.431836	0.432171	
macro	ABS	non-ABS
0	0	1
0	0	1
0	1	0
0	1	0
1	0	0
1	0	0
4808	721961	263231
4649	721568	263783
786	881649	107565
806	880792	108402
194861	375238	44031
195044	374912	43895


