simulation time0
rate RU		 thoroughput
100	4.60517	0	-1.#INF
100	4.60517	0	-1.#INF
100	4.60517	0	-1.#INF
100	4.60517	0	-1.#INF
100	4.60517	0	-1.#INF
100	4.60517	0	-1.#INF
100	4.60517	0	-1.#INF
100	4.60517	0	-1.#INF

0042E04C		1	1	1	1	1	1	1	1	
0042E004		0	0	0	0	0	0	0	0	
macro	ABS	non-ABS
0	0	0
0	0	0
0	0	0
0	0	0
0	0	0
0	0	0
0	0	0
0	0	0
0	0	0
0	0	0
0	0	0
0	0	0
0	0	0
0	0	0
0	0	0
0	0	0


simulation time10000
rate RU		 thoroughput
2.1065	0.74503	2.12216	0.752433
2.13348	0.757756	2.14024	0.76092
2.38375	0.868673	2.38703	0.870052
2.37001	0.862896	2.37371	0.864453
1.16334	0.151299	1.07749	0.0746368
1.10659	0.101285	1.08597	0.0824744
1.06591	0.0638281	1.06633	0.0642263
1.05055	0.0493152	1.07363	0.0710494

0042E04C		0.475073	0.468993	0.419707	0.421749	3.20356	3.4647	3.48154	3.49038	
0042E004		0	0	0	0	2.78141	2.78882	2.71175	2.66885	
macro	ABS	non-ABS
0	0	1
0	0	1
0	1	0
0	1	0
0	0	1
1	0	0
1	0	0
0	0	0
18	7039	2943
20	7106	2874
2	8868	1130
4	8888	1108
1063	1906	571
1048	1936	597
1079	1884	570
1024	1890	646


simulation time20000
rate RU		 thoroughput
2.10793	0.745706	2.11355	0.74837
2.12267	0.752675	2.12792	0.755143
2.37449	0.864781	2.38511	0.869245
2.25466	0.812998	2.38339	0.868524
1.08692	0.0833468	1.07512	0.0724359
1.07652	0.0737319	1.07701	0.0741886
1.01465	0.0145436	1.07618	0.0734194
1.09462	0.0904065	1.07712	0.0742944

0042E04C		0.474394	0.471156	0.421173	0.416841	3.73582	3.74854	3.98647	3.80451	
0042E004		0	0	0	0	3.05216	3.03456	3.03862	3.18133	
macro	ABS	non-ABS
0	0	1
0	0	1
0	1	0
0	1	0
1	0	0
0	0	0
0	0	1
1	0	0
24	14116	5860
32	14189	5779
4	17746	2250
6	17784	2210
2077	3838	1155
2170	3804	1166
2138	3804	1200
2131	3790	1243


simulation time30000
rate RU		 thoroughput
2.08785	0.736135	2.10243	0.743096
2.09875	0.741341	2.11174	0.747514
2.38109	0.867556	2.38707	0.870066
2.37768	0.866126	2.38685	0.869974
1.10385	0.0988013	1.07924	0.0762559
1.09064	0.086765	1.07715	0.0743225
1.07544	0.0727315	1.07455	0.071899
1.10402	0.0989607	1.07555	0.0728362

0042E04C		0.478959	0.476441	0.420076	0.420656	4.35098	4.39557	4.30614	4.24548	
0042E004		0	0	0	0	3.78882	3.7686	3.59611	3.74374	
macro	ABS	non-ABS
0	0	1
0	1	0
0	1	0
0	1	0
0	0	0
0	0	0
0	0	0
0	1	0
37	21041	8922
43	21112	8845
5	26667	3328
7	26687	3306
3189	5760	1774
3302	5710	1762
3253	5649	1827
3262	5679	1839


simulation time40000
rate RU		 thoroughput
2.37544	0.865182	2.09685	0.740435
2.0908	0.737549	2.10008	0.741975
2.37684	0.865771	2.39244	0.872312
2.38361	0.868617	2.39265	0.8724
1.0901	0.0862648	1.07795	0.0750627
1.08403	0.0806894	1.07761	0.0747467
1.04937	0.0481931	1.07356	0.0709779
1.1023	0.0974	1.07861	0.0756732

0042E04C		0.437953	0.478245	0.420771	0.419541	4.71905	4.85556	4.94556	4.80024	
0042E004		0	0	0	0	4.13747	4.29751	4.2106	4.25694	
macro	ABS	non-ABS
0	1	0
0	1	0
0	1	0
0	1	0
0	0	0
0	0	0
0	1	0
0	0	0
44	27937	12019
50	27941	12009
6	35575	4419
10	35596	4394
4371	7595	2407
4463	7590	2413
4452	7527	2426
4431	7558	2484


simulation time50000
rate RU		 thoroughput
2.07509	0.730006	2.09093	0.737607
2.07469	0.72981	2.09019	0.737256
2.37217	0.863804	2.39403	0.872977
2.38937	0.871028	2.39201	0.872135
1.07464	0.071984	1.07513	0.0724425
1.08129	0.0781516	1.08086	0.0777612
1.07371	0.0711217	1.07465	0.0719923
1.07803	0.0751344	1.07962	0.0766126

0042E04C		0.481889	0.482012	0.433618	0.418556	5.15105	4.96058	5.06264	5.10039	
0042E004		0	0	0	0	4.51993	4.3375	4.43623	4.49871	
macro	ABS	non-ABS
0	0	1
0	0	1
0	1	0
0	1	0
1	0	0
0	0	1
0	0	0
1	0	0
57	34778	15165
55	34759	15186
6	44451	5543
11	44477	5512
5551	9393	3032
5658	9484	3046
5630	9395	3080
5644	9450	3120


simulation time60000
rate RU		 thoroughput
2.07095	0.728008	2.08353	0.734065
2.07726	0.731048	2.08373	0.734161
2.38164	0.867787	2.39413	0.873022
2.3827	0.868235	2.39232	0.872263
1.08807	0.0844036	1.07654	0.0737484
1.07993	0.0768922	1.08027	0.0772139
1.08548	0.0820207	1.07407	0.0714588
1.09754	0.0930715	1.07911	0.0761343

0042E04C		0.482851	0.481362	0.419891	0.419696	5.65968	5.65057	5.5445	5.58103	
0042E004		0	0	0	0	5.15812	5.1024	5.0165	5.08955	
macro	ABS	non-ABS
0	0	1
0	1	0
0	1	0
0	0	1
0	1	0
0	0	0
0	0	0
0	0	0
66	41543	18391
63	41502	18435
8	53390	6602
12	53400	6588
6746	11257	3685
6909	11324	3697
6806	11252	3749
6911	11285	3751


simulation time70000
rate RU		 thoroughput
2.05981	0.722615	2.07872	0.731753
2.06542	0.725333	2.0745	0.729722
2.38485	0.869137	2.39306	0.872571
2.38529	0.86932	2.39123	0.871809
1.07869	0.075747	1.07965	0.0766355
1.09368	0.0895445	1.0823	0.0790854
1.07437	0.0717311	1.07465	0.0719973
1.07595	0.0732055	1.07729	0.074452

0042E04C		0.485506	0.48417	0.419312	0.419296	5.66685	5.67842	6.02541	5.83437	
0042E004		0	0	0	0	5.11302	5.21973	5.47391	5.27777	
macro	ABS	non-ABS
0	1	0
0	1	0
0	1	0
0	1	0
0	1	0
0	0	0
0	0	0
0	0	0
73	48244	21683
72	48185	21743
9	62315	7676
13	62312	7675
8019	13097	4365
8165	13192	4349
8070	13092	4426
8185	13056	4423


simulation time80000
rate RU		 thoroughput
2.07099	0.728025	2.07445	0.729695
2.05574	0.720637	2.07064	0.727856
2.38789	0.870412	2.39517	0.873456
2.38907	0.870906	2.39358	0.87279
1.04837	0.0472388	1.07872	0.0757787
1.08244	0.0792213	1.08282	0.07957
1.09595	0.0916253	1.07659	0.0737952
1.05119	0.0499185	1.07665	0.0738547

0042E04C		0.48284	0.486462	0.418777	0.41857	6.24588	5.93413	5.83387	6.13251	
0042E004		0	0	0	0	5.52094	5.42339	5.40099	5.47214	
macro	ABS	non-ABS
0	1	0
0	1	0
0	1	0
0	1	0
0	0	0
0	0	0
0	1	0
0	0	0
78	54921	25001
82	54922	24996
10	71233	8757
13	71245	8742
9251	14935	4988
9428	15039	5020
9322	14962	5070
9410	14874	5112


simulation time90000
rate RU		 thoroughput
2.04867	0.717193	2.06788	0.726524
2.05265	0.719132	2.06814	0.726651
2.38971	0.87117	2.39482	0.873308
2.37909	0.866718	2.3939	0.872923
1.1225	0.11556	1.08003	0.0769848
1.06919	0.0668977	1.08088	0.0777709
1.07411	0.0714915	1.07548	0.0727673
1.07629	0.0735173	1.07847	0.0755478

0042E04C		0.488104	0.487158	0.418446	0.420326	6.21496	6.54636	6.50213	6.28289	
0042E004		0	0	0	0	5.9538	6.00014	5.99961	5.76032	
macro	ABS	non-ABS
0	1	0
0	0	1
0	1	0
0	1	0
0	0	0
0	1	0
0	0	0
0	0	0
87	61610	28303
85	61634	28281
11	80088	9901
13	80116	9871
10486	16818	5653
10688	16856	5662
10573	16800	5726
10675	16719	5766


simulation time100000
rate RU		 thoroughput
2.05072	0.718193	2.06389	0.724595
2.04544	0.715611	2.06231	0.723825
2.39223	0.872224	2.39566	0.87366
2.38596	0.869602	2.39395	0.872945
1.10016	0.0954573	1.07988	0.0768492
1.04452	0.0435588	1.08149	0.0783398
1.07591	0.0731632	1.07643	0.0736483
1.11859	0.112067	1.07796	0.0750742

0042E04C		0.487619	0.488895	0.418053	0.419109	6.74725	7.08385	6.85736	6.58691	
0042E004		0	0	0	0	6.4309	6.40592	6.39561	6.35998	
macro	ABS	non-ABS
0	1	0
0	1	0
0	1	0
0	1	0
0	0	0
0	1	0
0	0	0
0	0	0
90	68289	31621
96	68253	31651
11	88907	11082
14	89051	10935
11769	18651	6322
11982	18689	6342
11833	18620	6409
12009	18537	6430


simulation time110000
rate RU		 thoroughput
2.04086	0.713373	2.05988	0.72265
2.03971	0.712809	2.05916	0.722299
2.3745	0.864787	2.39533	0.873519
2.38096	0.867502	2.39228	0.872245
1.08243	0.0792091	1.08017	0.0771223
1.06873	0.0664675	1.0824	0.0791842
1.05093	0.049674	1.07649	0.0737024
1.09551	0.0912237	1.07898	0.0760163

0042E04C		0.490025	0.490299	0.421139	0.420017	6.64051	6.8927	6.99457	6.73236	
0042E004		0	0	0	0	6.22575	6.36466	6.33655	6.36058	
macro	ABS	non-ABS
0	0	1
0	0	1
0	1	0
0	1	0
0	0	1
1	0	0
1	0	0
0	0	0
96	74825	35079
104	74868	35028
12	97829	12159
14	98004	11982
13075	20457	7012
13291	20537	7037
13152	20416	7064
13298	20357	7120


simulation time120000
rate RU		 thoroughput
2.04198	0.713918	2.05401	0.719792
2.03966	0.712785	2.05532	0.720434
2.3849	0.869159	2.39572	0.873685
2.38495	0.869178	2.39213	0.872183
1.08339	0.0800995	1.07965	0.0766378
1.08287	0.0796142	1.08301	0.0797446
1.0774	0.0745512	1.07787	0.0749854
1.09303	0.0889561	1.0795	0.0764962

0042E04C		0.489721	0.490311	0.419301	0.41928	6.80845	6.83055	6.83433	6.65263	
0042E004		0	0	0	0	6.38131	6.39656	6.36359	6.33684	
macro	ABS	non-ABS
0	0	1
0	0	1
0	1	0
0	1	0
1	0	0
0	0	0
0	0	1
1	0	0
102	81405	38493
114	81431	38455
13	106707	13280
15	106960	13025
14428	22256	7689
14586	22339	7753
14516	22237	7728
14585	22179	7819


simulation time130000
rate RU		 thoroughput
2.0331	0.709563	2.05068	0.718173
2.03626	0.711114	2.05312	0.719359
2.38919	0.870956	2.39589	0.873754
2.39117	0.871781	2.39293	0.872517
1.09867	0.0941038	1.07863	0.0756877
1.07507	0.0723856	1.08207	0.0788733
1.07586	0.0731203	1.07796	0.0750661
1.06089	0.0591057	1.08106	0.0779383

0042E04C		0.491856	0.491102	0.418552	0.418234	6.83084	7.08146	6.96554	6.9126	
0042E004		0	0	0	0	6.47672	6.63207	6.46878	6.39241	
macro	ABS	non-ABS
0	1	0
0	1	0
0	1	0
0	1	0
0	0	0
0	0	0
0	0	0
0	1	0
111	88006	41883
121	88048	41831
14	115634	14352
16	115857	14127
15756	24035	8350
15886	24176	8391
15798	24032	8452
15900	24040	8524


simulation time140000
rate RU		 thoroughput
2.02892	0.707505	2.04565	0.715716
2.03478	0.710387	2.05152	0.718582
2.3797	0.866974	2.3976	0.874467
2.3907	0.871587	2.39271	0.872427
1.07127	0.0688409	1.07853	0.0756024
1.09147	0.0875225	1.08192	0.0787372
1.06231	0.0604426	1.07772	0.0748457
1.11363	0.107624	1.08116	0.0780313

0042E04C		0.492894	0.491457	0.420235	0.418282	7.08075	7.1254	7.27307	6.98085	
0042E004		0	0	0	0	6.59256	6.75492	6.72251	6.77279	
macro	ABS	non-ABS
0	0	1
0	0	1
0	1	0
0	1	0
0	0	1
1	0	0
0	0	0
1	0	0
116	94616	45268
131	94687	45182
16	124534	15450
16	124714	15270
17056	25832	9028
17186	26017	9058
17140	25866	9103
17158	25877	9219


simulation time150000
rate RU		 thoroughput
2.03361	0.709815	2.0421	0.713977
2.02907	0.70758	2.04889	0.717297
2.38521	0.869288	2.39758	0.874462
2.3919	0.872088	2.39275	0.872443
1.07977	0.0767508	1.07852	0.0755863
1.10499	0.0998379	1.08294	0.0796805
1.07634	0.0735626	1.07891	0.0759557
1.07963	0.0766207	1.08058	0.0774959

0042E04C		0.491711	0.492833	0.419254	0.418074	7.24861	7.03656	7.0749	7.05202	
0042E004		0	0	0	0	6.82862	6.75526	6.61872	6.61379	
macro	ABS	non-ABS
0	1	0
0	1	0
0	1	0
0	1	0
0	0	0
0	0	0
0	0	0
0	1	0
118	101170	48712
139	101295	48566
16	133437	16547
16	133648	16336
18344	27629	9719
18551	27866	9736
18474	27681	9800
18477	27658	9911


simulation time160000
rate RU		 thoroughput
2.03001	0.708041	2.04057	0.713231
2.03185	0.708948	2.04639	0.716077
2.38674	0.869926	2.39707	0.874246
2.39066	0.871568	2.39242	0.872305
1.11161	0.105811	1.07964	0.0766296
1.07258	0.0700699	1.08345	0.0801541
1.06369	0.0617461	1.07939	0.076394
1.08064	0.0775525	1.07962	0.0766109

0042E04C		0.492621	0.492162	0.418976	0.418287	6.77761	6.98457	7.1077	7.16895	
0042E004		0	0	0	0	6.51524	6.46102	6.60309	6.73789	
macro	ABS	non-ABS
0	1	0
0	1	0
0	0	1
0	1	0
0	0	0
0	0	0
0	1	0
0	0	0
124	107830	52046
146	107920	51934
16	142324	17660
16	142557	17427
19659	29508	10368
19787	29720	10419
19749	29494	10491
19766	29443	10557


simulation time170000
rate RU		 thoroughput
2.03284	0.709432	2.04075	0.713315
2.03058	0.708319	2.04521	0.7155
2.39139	0.871873	2.39736	0.874368
2.38236	0.868093	2.39353	0.872771
1.09723	0.0927901	1.07978	0.0767595
1.08247	0.0792462	1.08251	0.0792829
1.06712	0.0649613	1.07993	0.0768955
1.07658	0.0737911	1.08061	0.0775298

0042E04C		0.491931	0.492469	0.418156	0.419743	6.86985	6.9195	7.00763	6.77299	
0042E004		0	0	0	0	6.54825	6.49017	6.4489	6.34731	
macro	ABS	non-ABS
0	0	1
0	1	0
0	1	0
0	1	0
0	0	0
0	0	0
0	0	0
0	1	0
128	114520	55352
155	114647	55198
16	151215	18769
17	151505	18478
20902	31331	11044
21079	31511	11102
21000	31370	11133
21051	31306	11203


simulation time180000
rate RU		 thoroughput
2.03192	0.70898	2.04016	0.713027
2.0271	0.706608	2.04348	0.714654
2.3878	0.870373	2.3963	0.873926
2.38377	0.868682	2.39322	0.872642
1.05251	0.0511751	1.08008	0.0770327
1.10505	0.0998924	1.08252	0.0792895
1.08135	0.0782063	1.07971	0.0766956
1.06618	0.0640809	1.08008	0.0770383

0042E04C		0.492149	0.493304	0.418807	0.419495	7.22784	6.89596	7.07012	7.189	
0042E004		0	0	0	0	6.66349	6.58436	6.65568	6.65079	
macro	ABS	non-ABS
0	0	1
0	1	0
0	1	0
0	1	0
0	1	0
0	0	0
0	0	0
0	0	0
138	121135	58727
166	121180	58654
17	160129	19854
18	160348	19634
22191	33158	11746
22385	33344	11787
22330	33192	11778
22336	33106	11889


simulation time190000
rate RU		 thoroughput
2.02504	0.705588	2.03792	0.71193
2.02464	0.705393	2.0419	0.71388
2.39076	0.871613	2.39644	0.873983
2.38863	0.870722	2.39368	0.872834
1.08487	0.0814569	1.08124	0.078104
1.14704	0.137185	1.08134	0.0782004
1.07638	0.073608	1.08002	0.0769763
1.02612	0.0257841	1.08006	0.0770149

0042E04C		0.49382	0.49392	0.418276	0.418644	7.31422	6.97531	7.32725	7.69535	
0042E004		0	0	0	0	6.9059	6.99896	6.91945	6.91357	
macro	ABS	non-ABS
0	0	1
0	0	1
0	1	0
0	1	0
1	0	0
0	0	0
0	0	1
1	0	0
144	127741	62115
171	127805	62024
18	169076	20906
19	169273	20708
23526	35043	12426
23674	35111	12490
23677	35039	12409
23603	34886	12596


simulation time200000
rate RU		 thoroughput
2.02552	0.705829	2.03747	0.711708
2.02684	0.706478	2.04161	0.71374
2.39201	0.872133	2.39649	0.874006
2.38656	0.869854	2.39468	0.87325
1.06757	0.0653873	1.08141	0.0782631
1.08031	0.0772511	1.08127	0.0781402
1.06545	0.0634002	1.07993	0.0768947
1.07931	0.0763201	1.07989	0.0768594

0042E04C		0.493695	0.493372	0.418068	0.419019	7.44795	7.36209	7.55504	7.45698	
0042E004		0	0	0	0	6.94936	6.95348	7.11047	7.04901	
macro	ABS	non-ABS
0	1	0
0	1	0
0	1	0
0	1	0
0	0	0
0	0	0
0	1	0
0	0	0
145	134386	65469
178	134441	65381
20	177994	21986
20	178144	21836
24791	36888	13124
24970	36939	13149
24951	36877	13070
24884	36714	13239


simulation time210000
rate RU		 thoroughput
2.02069	0.70344	2.03565	0.710814
2.02479	0.705466	2.04038	0.713136
2.3918	0.872047	2.39624	0.8739
2.38797	0.870443	2.39459	0.873214
1.08087	0.077767	1.08151	0.0783575
1.0805	0.077427	1.08121	0.0780799
1.06982	0.0674893	1.08033	0.0772662
1.11017	0.104516	1.07997	0.0769316

0042E04C		0.494878	0.493873	0.418102	0.41875	7.47609	7.58047	7.52444	7.30574	
0042E004		0	0	0	0	7.0808	7.19085	7.04367	7.09127	
macro	ABS	non-ABS
0	0	1
0	0	1
0	1	0
0	1	0
0	0	1
1	0	0
1	0	0
0	0	0
153	141003	68844
188	141044	68768
20	186890	23090
20	187037	22943
26097	38703	13798
26297	38759	13826
26261	38677	13781
26182	38559	13897


simulation time220000
rate RU		 thoroughput
2.01863	0.702421	2.03441	0.710205
2.02155	0.703863	2.0388	0.71236
2.39416	0.873031	2.3965	0.87401
2.391	0.871712	2.39487	0.873329
1.11363	0.107629	1.08143	0.0782847
1.05129	0.0500179	1.08069	0.0776002
1.07385	0.0712493	1.08026	0.0772048
1.07996	0.0769249	1.07977	0.0767523

0042E04C		0.495386	0.494684	0.417691	0.418233	7.67506	8.08733	7.96653	7.77756	
0042E004		0	0	0	0	7.51435	7.56758	7.55876	7.39595	
macro	ABS	non-ABS
0	0	1
0	0	1
0	1	0
0	0	1
1	0	0
0	0	1
1	0	0
0	0	0
161	147611	72228
190	147660	72150
22	195807	24171
20	195948	24032
27407	40518	14506
27617	40560	14504
27602	40529	14451
27472	40365	14567


simulation time230000
rate RU		 thoroughput
2.01327	0.699758	2.03234	0.709187
2.01676	0.701494	2.03681	0.711387
2.39309	0.872586	2.3962	0.873885
2.3897	0.871167	2.39445	0.873154
1.07782	0.0749397	1.08095	0.0778387
1.09085	0.0869596	1.08074	0.0776486
1.10005	0.0953572	1.08105	0.0779295
1.0791	0.0761298	1.07924	0.0762586

0042E04C		0.496713	0.495858	0.417881	0.41846	7.88936	8.04814	7.82597	8.05213	
0042E004		0	0	0	0	7.53382	7.7626	7.58946	7.68926	
macro	ABS	non-ABS
0	0	1
0	0	1
0	1	0
0	1	0
0	0	1
1	0	0
0	0	0
1	0	0
161	154091	75748
194	154138	75668
22	204667	25311
20	204851	25129
28748	42271	15242
29004	42344	15209
28935	42384	15171
28870	42147	15232


simulation time240000
rate RU		 thoroughput
2.01304	0.699645	2.03148	0.708765
2.02293	0.704548	2.03595	0.710961
2.38968	0.871158	2.39541	0.873553
2.39333	0.872687	2.39495	0.873364
1.10377	0.0987334	1.07994	0.076907
1.08206	0.0788698	1.08266	0.0794236
1.0582	0.0565677	1.08038	0.0773161
1.07077	0.0683784	1.07914	0.0761655

0042E04C		0.496761	0.494332	0.418482	0.417829	8.12217	8.35698	8.43259	8.40707	
0042E004		0	0	0	0	7.91557	8.04282	8.00032	8.02973	
macro	ABS	non-ABS
0	1	0
0	1	0
0	1	0
0	1	0
0	0	0
0	0	0
0	1	0
0	0	0
168	160656	79176
198	160621	79181
23	213608	26369
22	213764	26214
30109	44022	15935
30334	44228	15977
30306	44151	15816
30197	43954	15917


simulation time250000
rate RU		 thoroughput
2.01215	0.699206	2.03052	0.708294
2.02119	0.703688	2.03497	0.710481
2.39373	0.872852	2.39595	0.87378
2.39158	0.871953	2.39507	0.873411
1.102	0.0971305	1.08002	0.0769783
1.08218	0.0789768	1.08294	0.0796753
1.07266	0.0701429	1.08018	0.0771263
1.07374	0.0711434	1.07924	0.0762613

0042E04C		0.49698	0.494743	0.417756	0.418143	8.06134	8.32811	8.36493	8.4138	
0042E004		0	0	0	0	7.87435	8.01255	7.97	8.07365	
macro	ABS	non-ABS
0	1	0
0	1	0
0	1	0
0	1	0
0	0	0
0	0	0
0	1	0
0	0	0
170	167220	82610
200	167205	82595
23	222552	27425
22	222653	27325
31414	45834	16615
31681	46056	16667
31643	45944	16482
31507	45787	16615


simulation time260000
rate RU		 thoroughput
2.01229	0.699274	2.02917	0.707628
2.01773	0.701975	2.03352	0.709769
2.38049	0.867306	2.39657	0.874037
2.39387	0.87291	2.39536	0.873535
1.11252	0.106628	1.08021	0.0771517
1.04268	0.0417924	1.08182	0.0786409
1.07935	0.0763575	1.07996	0.0769268
1.07925	0.0762706	1.07993	0.0768984

0042E04C		0.496935	0.495603	0.420085	0.417729	8.13084	8.83449	8.36606	8.32479	
0042E004		0	0	0	0	8.07028	8.23292	8.03009	7.94723	
macro	ABS	non-ABS
0	1	0
0	1	0
0	1	0
0	1	0
0	0	0
0	1	0
0	0	0
0	0	0
173	173749	86078
207	173779	86014
23	231510	28467
22	231564	28414
32812	47657	17290
32993	47818	17368
33019	47729	17182
32829	47627	17329


simulation time270000
rate RU		 thoroughput
2.13477	0.758357	2.02721	0.706663
2.01393	0.700086	2.03193	0.708985
2.3806	0.867354	2.39599	0.873797
2.38303	0.868372	2.3957	0.873675
1.05814	0.056512	1.07982	0.0767976
1.083	0.0797394	1.08174	0.0785662
1.08746	0.0838431	1.08013	0.0770796
1.08001	0.0769716	1.08026	0.0771986

0042E04C		0.478778	0.49654	0.42007	0.41963	9.00773	8.84815	8.52511	8.63848	
0042E004		0	0	0	0	8.52885	8.54362	8.36006	8.32979	
macro	ABS	non-ABS
0	1	0
0	1	0
0	0	1
0	1	0
0	0	0
0	0	0
0	1	0
0	0	0
178	180196	89626
213	180292	89495
23	240407	29570
22	240474	29504
34210	49425	17998
34357	49623	18063
34373	49500	17930
34230	49434	18027


simulation time280000
rate RU		 thoroughput
2.01712	0.701671	2.02588	0.706005
2.01168	0.698968	2.03071	0.708383
2.37729	0.865962	2.39484	0.873317
2.38346	0.868554	2.39532	0.873517
1.07192	0.0694503	1.08056	0.077477
1.05169	0.0503999	1.08195	0.0787642
1.06603	0.0639431	1.07941	0.0764179
1.07987	0.0768441	1.08029	0.077231

0042E04C		0.495758	0.497088	0.420652	0.41955	9.0011	9.26498	9.27543	8.94501	
0042E004		0	0	0	0	8.68204	8.73956	8.86942	8.65964	
macro	ABS	non-ABS
0	0	1
0	1	0
0	1	0
0	1	0
0	1	0
0	0	0
0	0	0
0	0	0
185	186703	93112
215	186837	92948
23	249295	30682
22	249417	30561
35579	51278	18670
35690	51446	18748
35757	51258	18625
35539	51230	18745


simulation time290000
rate RU		 thoroughput
2.01225	0.699253	2.02432	0.705233
2.01616	0.701196	2.02906	0.707571
2.37875	0.866574	2.3945	0.873175
2.38603	0.869633	2.39543	0.873561
1.08009	0.0770451	1.08033	0.077264
1.10591	0.100668	1.08234	0.0791222
1.06036	0.0586108	1.08012	0.0770683
1.10049	0.0957583	1.07985	0.0768204

0042E04C		0.496964	0.495994	0.420388	0.419102	8.89193	8.7662	9.07685	8.88455	
0042E004		0	0	0	0	8.60424	8.68652	8.6716	8.72999	
macro	ABS	non-ABS
0	0	1
0	0	1
0	0	1
0	0	1
1	0	0
0	0	1
1	0	0
0	0	0
190	193136	96674
219	193324	96457
23	258140	31837
22	258303	31675
36939	53049	19349
37079	53250	19477
37161	53091	19302
36877	52996	19486


simulation time300000
rate RU		 thoroughput
2.00795	0.697112	2.02281	0.704485
2.01244	0.699346	2.02763	0.706869
2.38549	0.869404	2.39527	0.873497
2.38788	0.870404	2.39544	0.873566
1.08048	0.077403	1.08082	0.077724
1.05086	0.0496111	1.08228	0.0790725
1.07931	0.0763249	1.07963	0.076621
1.06654	0.0644237	1.08002	0.0769787

0042E04C		0.498029	0.496916	0.419193	0.418786	9.2983	9.51766	9.31439	9.45518	
0042E004		0	0	0	0	9.04675	8.97189	9.05333	9.06413	
macro	ABS	non-ABS
0	1	0
0	1	0
0	1	0
0	1	0
0	1	0
0	0	0
0	0	0
0	0	0
194	199615	100191
228	199792	99980
23	267054	32923
23	267261	32716
38274	54881	20060
38482	55040	20177
38529	54858	20007
38251	54788	20189


simulation time310000
rate RU		 thoroughput
2.00542	0.695853	2.02166	0.703919
2.0085	0.69739	2.02613	0.706126
2.38696	0.870019	2.39523	0.873478
2.38552	0.869418	2.39477	0.873287
1.07743	0.0745796	1.08081	0.0777085
1.08143	0.0782826	1.0819	0.0787197
1.07956	0.0765494	1.07955	0.0765441
1.07342	0.0708452	1.08032	0.0772582

0042E04C		0.49866	0.497889	0.418936	0.419196	9.66817	9.59491	9.54264	9.56338	
0042E004		0	0	0	0	9.39932	9.37632	9.29033	9.24636	
macro	ABS	non-ABS
0	1	0
0	1	0
0	1	0
0	1	0
0	0	0
0	1	0
0	0	0
0	0	0
198	206100	103702
234	206281	103485
23	275986	33991
23	276160	33817
39670	56666	20794
39883	56804	20881
39883	56642	20741
39689	56584	20888


simulation time320000
rate RU		 thoroughput
2.00313	0.694711	2.02055	0.703372
2.00494	0.695613	2.02465	0.705398
2.38961	0.87113	2.39546	0.873577
2.38958	0.871116	2.39524	0.873485
1.06919	0.0668981	1.08062	0.0775372
1.08126	0.0781287	1.08156	0.0784003
1.12251	0.115567	1.07984	0.0768167
1.07179	0.069334	1.08047	0.0773973

0042E04C		0.499231	0.498767	0.418481	0.418485	10.0973	9.85704	9.53301	9.93815	
0042E004		0	0	0	0	9.78211	9.65814	9.69314	9.66497	
macro	ABS	non-ABS
0	1	0
0	1	0
0	1	0
0	1	0
0	1	0
0	0	0
0	0	0
0	0	0
204	212638	107158
237	212811	106952
23	284830	35147
25	285066	34909
41035	58457	21472
41224	58587	21552
41255	58471	21450
40998	58412	21599


simulation time330000
rate RU		 thoroughput
2.00099	0.693642	2.01949	0.702847
2.01755	0.701884	2.0236	0.704877
2.39142	0.871887	2.39561	0.873639
2.39206	0.872153	2.39554	0.873609
1.04709	0.0460172	1.08044	0.0773666
1.08142	0.0782707	1.08158	0.0784188
1.08207	0.0788747	1.07953	0.076522
1.1115	0.105714	1.08084	0.077738

0042E04C		0.499751	0.495658	0.418165	0.418053	10.3149	10.1733	10.2581	9.7571	
0042E004		0	0	0	0	9.88388	10.0017	10.0559	9.83317	
macro	ABS	non-ABS
0	1	0
0	1	0
0	1	0
0	1	0
0	1	0
0	0	0
0	0	0
0	0	0
208	219066	110726
243	219290	110467
24	293755	36221
26	293936	36038
42429	60227	22186
42626	60350	22275
42645	60257	22150
42392	60233	22322


simulation time340000
rate RU		 thoroughput
1.99917	0.692732	2.01849	0.70235
2.01196	0.699111	2.022	0.704089
2.39081	0.871633	2.39536	0.873533
2.39454	0.873192	2.3959	0.873758
1.07994	0.076901	1.08052	0.0774411
1.07774	0.0748703	1.08147	0.0783249
1.07943	0.0764308	1.07961	0.0765995
1.08108	0.0779651	1.0808	0.0777032

0042E04C		0.500209	0.49702	0.418273	0.417615	10.4262	10.3186	10.3822	10.4513	
0042E004		0	0	0	0	10.2598	10.1418	10.207	10.2715	
macro	ABS	non-ABS
0	1	0
0	1	0
0	1	0
0	0	1
0	0	0
0	1	0
0	0	0
0	0	0
213	225503	114284
246	225692	114062
24	302670	37306
26	302862	37112
43811	62030	22926
44057	62111	22986
44027	62028	22875
43810	62012	23032


simulation time350000
rate RU		 thoroughput
2.01281	0.699533	2.01702	0.701623
2.00733	0.696804	2.02051	0.703351
2.3892	0.870959	2.39495	0.873362
2.39035	0.87144	2.39594	0.873776
1.08091	0.0778052	1.08112	0.0779947
1.08111	0.077988	1.08134	0.0782001
1.07922	0.0762355	1.07985	0.0768183
1.06422	0.0622422	1.08041	0.0773435

0042E04C		0.496822	0.498172	0.418547	0.418342	10.5225	10.5089	10.5554	10.6632	
0042E004		0	0	0	0	10.374	10.3614	10.3788	10.361	
macro	ABS	non-ABS
0	0	1
0	0	1
0	1	0
0	0	1
0	0	1
1	0	0
1	0	0
0	0	0
217	231891	117892
250	232102	117648
24	311585	38391
26	311775	38199
45256	63837	23663
45470	63871	23709
45470	63818	23586
45225	63727	23789


simulation time360000
rate RU		 thoroughput
2.0101	0.698186	2.0162	0.701217
2.00366	0.694977	2.01919	0.702695
2.39206	0.872154	2.39534	0.873523
2.39235	0.872275	2.39616	0.873867
1.06914	0.0668585	1.08111	0.0779863
1.08113	0.0780044	1.08141	0.0782692
1.09188	0.0878965	1.07998	0.0769418
1.06089	0.0591071	1.08018	0.0771286

0042E04C		0.497492	0.499091	0.418044	0.417996	10.9774	10.8825	10.6352	10.8907	
0042E004		0	0	0	0	10.7242	10.7659	10.608	10.5702	
macro	ABS	non-ABS
0	0	1
0	0	1
0	1	0
0	1	0
1	0	0
0	0	0
1	0	0
0	0	1
219	238297	121484
253	238528	121219
24	320536	39440
26	320754	39220
46676	65607	24370
46843	65682	24431
46849	65608	24326
46638	65500	24476


simulation time370000
rate RU		 thoroughput
2.00852	0.697399	2.01563	0.700934
2.00086	0.693579	2.01803	0.702121
2.39194	0.872104	2.39525	0.873486
2.39033	0.87143	2.39567	0.873662
1.05953	0.0578296	1.08099	0.0778771
1.08036	0.0772906	1.08102	0.0779031
1.07986	0.076833	1.08041	0.0773393
1.10734	0.101964	1.08022	0.0771686

0042E04C		0.497883	0.499795	0.418068	0.418357	11.2556	11.0655	11.0759	10.6923	
0042E004		0	0	0	0	10.9393	10.9449	10.9606	10.8001	
macro	ABS	non-ABS
0	1	0
0	0	1
0	1	0
0	1	0
0	0	0
0	1	0
0	0	0
0	0	0
225	244810	124965
255	245063	124682
24	329389	40587
26	329679	40295
48006	67386	25084
48254	67463	25118
48180	67445	25050
48053	67295	25159


simulation time380000
rate RU		 thoroughput
2.00513	0.695709	2.01458	0.70041
1.99766	0.691978	2.01676	0.701492
2.39048	0.871494	2.39487	0.873331
2.39031	0.871424	2.39554	0.873607
1.08585	0.0823664	1.08105	0.0779334
1.05776	0.0561578	1.08099	0.0778771
1.0729	0.0703613	1.08067	0.0775795
1.08366	0.0803439	1.08001	0.0769677

0042E04C		0.498721	0.500587	0.418329	0.418358	11.0335	11.2991	11.2438	11.2946	
0042E004		0	0	0	0	10.9467	10.9776	11.0659	11.2605	
macro	ABS	non-ABS
0	0	1
0	0	1
0	1	0
0	0	1
0	0	0
1	0	0
0	0	1
1	0	0
226	251223	128551
256	251449	128295
24	338260	41716
26	338604	41370
49402	69176	25783
49691	69236	25832
49556	69232	25780
49498	69062	25899


simulation time390000
rate RU		 thoroughput
2.00255	0.694421	2.01367	0.699958
2.00908	0.697678	2.01502	0.700627
2.39055	0.871525	2.39477	0.873287
2.38948	0.871075	2.39524	0.873485
1.08052	0.0774425	1.08087	0.0777653
1.0908	0.0869074	1.08098	0.0778716
1.08017	0.0771142	1.08059	0.0775069
1.06567	0.0636025	1.08009	0.0770471

0042E04C		0.499367	0.497742	0.418315	0.418507	11.3078	11.2521	11.4834	11.6012	
0042E004		0	0	0	0	11.2184	11.2573	11.4041	11.3591	
macro	ABS	non-ABS
0	0	1
0	0	1
0	1	0
0	1	0
1	0	0
0	0	0
0	0	1
1	0	0
230	257586	132184
262	257769	131969
24	347153	42823
27	347532	42441
50858	70913	26513
51118	71017	26545
51011	70999	26526
50936	70823	26664


simulation time400000
rate RU		 thoroughput
1.99866	0.692479	2.01239	0.699325
2.00551	0.695897	2.01396	0.700102
2.39266	0.872408	2.39506	0.873409
2.38937	0.871031	2.39508	0.873418
1.08082	0.0777165	1.08106	0.0779415
1.09232	0.0882999	1.08102	0.0779083
1.08559	0.0821279	1.08043	0.0773631
1.08034	0.0772767	1.08059	0.0775033

0042E04C		0.500325	0.498625	0.41795	0.418518	11.2141	11.2071	11.1902	11.3153	
0042E004		0	0	0	0	11.1205	11.2365	11.1787	11.2245	
macro	ABS	non-ABS
0	1	0
0	1	0
0	1	0
0	1	0
0	0	0
0	0	0
0	1	0
0	0	0
231	263991	135778
262	264237	135501
25	356069	43906
27	356441	43532
52232	72723	27225
52538	72796	27234
52402	72735	27265
52353	72646	27376


simulation time410000
rate RU		 thoroughput
1.99425	0.690266	2.0109	0.69858
2.00233	0.694312	2.01292	0.699587
2.39396	0.872948	2.39526	0.873491
2.38995	0.871273	2.39506	0.873408
1.05666	0.055113	1.08147	0.0783172
1.06659	0.0644694	1.08093	0.0778252
1.07992	0.0768825	1.08031	0.0772486
1.12278	0.115803	1.08056	0.0774815

0042E04C		0.50144	0.499417	0.417725	0.418412	11.865	11.6029	11.6632	11.346	
0042E004		0	0	0	0	11.5481	11.3905	11.5964	11.7346	
macro	ABS	non-ABS
0	1	0
0	1	0
0	1	0
0	1	0
0	1	0
0	0	0
0	0	0
0	0	0
238	270362	139400
264	270647	139089
25	364941	45034
27	365317	44656
53680	74539	27937
53939	74553	27948
53803	74481	28007
53807	74411	28124


simulation time420000
rate RU		 thoroughput
1.99053	0.688402	2.00953	0.697902
1.9981	0.692198	2.01157	0.698915
2.37945	0.866868	2.3955	0.873592
2.3909	0.871668	2.3951	0.873427
1.08163	0.0784696	1.08184	0.0786676
1.08075	0.0776536	1.08093	0.0778229
1.09501	0.0907658	1.08024	0.0771791
1.06722	0.0650598	1.08021	0.0771515

0042E04C		0.502374	0.500477	0.420265	0.418262	11.7835	11.7409	11.8484	12.1823	
0042E004		0	0	0	0	11.7455	11.6891	11.9817	12.0002	
macro	ABS	non-ABS
0	1	0
0	1	0
0	1	0
0	1	0
0	1	0
0	0	0
0	0	0
0	0	0
243	276658	143099
266	276980	142754
26	373867	46107
29	374241	45730
55142	76324	28702
55401	76324	28672
55268	76236	28752
55268	76114	28876


simulation time430000
rate RU		 thoroughput
1.9985	0.692399	2.00847	0.697374
1.9952	0.690746	2.0105	0.698384
2.38094	0.867494	2.39541	0.873555
2.39042	0.871468	2.39493	0.873355
1.06903	0.0667471	1.08185	0.0786682
1.0871	0.0835097	1.08058	0.0774958
1.06325	0.0613325	1.08049	0.077417
1.09239	0.0883706	1.08057	0.0774854

0042E04C		0.50405	0.501208	0.420005	0.418343	12.2681	12.0235	12.2527	11.9351	
0042E004		0	0	0	0	12.0652	12.0769	12.0927	12.0167	
macro	ABS	non-ABS
0	1	0
0	1	0
0	1	0
0	1	0
0	0	0
0	0	0
0	1	0
0	0	0
247	283007	146746
269	283362	146369
26	382760	47214
29	383183	46788
56525	78079	29449
56881	78035	29380
56686	78062	29478
56709	77905	29612


simulation time440000
rate RU		 thoroughput
1.99812	0.692208	2.00723	0.696754
1.99087	0.688571	2.00903	0.697653
2.38182	0.867865	2.39525	0.87349
2.39245	0.872319	2.39519	0.873463
1.08173	0.0785618	1.08177	0.0786014
1.06724	0.0650736	1.08044	0.0773681
1.1146	0.108492	1.0806	0.07752
1.08096	0.0778529	1.08103	0.0779142

0042E04C		0.500472	0.502295	0.419849	0.417986	11.8797	12.2182	11.8406	12.2187	
0042E004		0	0	0	0	11.8506	12.036	12.1829	12.2081	
macro	ABS	non-ABS
0	1	0
0	1	0
0	0	1
0	1	0
0	0	0
0	1	0
0	0	0
0	0	0
249	289381	150370
271	289661	150068
26	391666	48308
29	392076	47895
57956	79798	30222
58345	79761	30135
58163	79847	30173
58143	79721	30343


simulation time450000
rate RU		 thoroughput
1.99328	0.68978	2.00577	0.696029
1.99556	0.690924	2.0076	0.69694
2.38462	0.869038	2.39546	0.873577
2.39349	0.872753	2.39532	0.873519
1.08136	0.0782183	1.08167	0.0785027
1.06442	0.0624337	1.08016	0.0771078
1.08062	0.0775352	1.08091	0.0778033
1.08107	0.0779523	1.08136	0.0782185

0042E04C		0.501679	0.501114	0.419351	0.417798	12.2432	12.2707	12.3001	12.1697	
0042E004		0	0	0	0	12.2288	12.0197	12.2918	12.1564	
macro	ABS	non-ABS
0	1	0
0	1	0
0	1	0
0	1	0
0	1	0
0	0	0
0	0	0
0	0	0
253	295710	154037
273	296004	153723
26	400567	49407
30	401009	48961
59417	81552	30962
59804	81491	30844
59635	81618	30926
59592	81489	31118


simulation time460000
rate RU		 thoroughput
1.9912	0.688736	2.00496	0.695623
1.99125	0.688762	2.00622	0.696253
2.38499	0.869193	2.3953	0.873507
2.38375	0.868675	2.39557	0.873621
1.08155	0.0783917	1.08173	0.0785604
1.07958	0.0765689	1.0801	0.0770581
1.08103	0.0779178	1.08115	0.0780275
1.0874	0.0837901	1.08136	0.0782159

0042E04C		0.502209	0.502195	0.419291	0.419503	12.128	12.2691	12.165	12.1295	
0042E004		0	0	0	0	12.1171	12.2456	12.1509	12.1952	
macro	ABS	non-ABS
0	1	0
0	1	0
0	1	0
0	1	0
0	0	0
0	0	0
0	0	0
0	1	0
255	302135	157610
276	302376	157348
27	409507	50466
30	409955	50015
60855	83333	31686
61202	83240	31579
61089	83417	31636
60975	83270	31839


simulation time470000
rate RU		 thoroughput
1.989	0.687631	2.0041	0.695194
1.98884	0.68755	2.00528	0.695782
2.38358	0.868605	2.39481	0.873306
2.3863	0.869746	2.3958	0.873717
1.08306	0.0797864	1.08176	0.0785932
1.08697	0.0833929	1.08032	0.0772548
1.08562	0.0821503	1.08112	0.077997
1.0739	0.0712953	1.08135	0.0782123

0042E04C		0.502767	0.502807	0.419541	0.419057	12.3265	12.1764	12.3611	12.4552	
0042E004		0	0	0	0	12.3142	12.2822	12.3759	12.3796	
macro	ABS	non-ABS
0	0	1
0	0	1
0	0	1
0	1	0
1	0	0
0	0	1
0	0	0
1	0	0
260	308506	161234
277	308681	161042
28	418415	51557
31	418894	51075
62307	85083	32434
62647	84999	32313
62528	85192	32371
62440	85035	32573


simulation time480000
rate RU		 thoroughput
1.98629	0.686266	2.00307	0.694681
1.9867	0.686473	2.00437	0.69533
2.3852	0.869282	2.39487	0.873329
2.38789	0.870411	2.3959	0.873757
1.09276	0.0887078	1.08198	0.0787966
1.05021	0.0489857	1.08004	0.0770004
1.09353	0.089407	1.0811	0.0779834
1.08717	0.0835779	1.0814	0.0782558

0042E04C		0.50346	0.503355	0.419251	0.418785	12.4184	13.1224	12.2874	12.308	
0042E004		0	0	0	0	12.5823	12.7824	12.4103	12.4485	
macro	ABS	non-ABS
0	0	1
0	0	1
0	0	1
0	1	0
1	0	0
0	0	1
0	0	0
1	0	0
262	314826	164912
279	315018	164703
28	427337	52635
32	427817	52151
63743	86851	33201
64116	86768	33022
63945	86945	33120
63917	86792	33301


simulation time490000
rate RU		 thoroughput
1.98299	0.684607	2.00186	0.694079
1.98384	0.685035	2.00326	0.694776
2.38707	0.870067	2.39503	0.873395
2.38884	0.870806	2.39591	0.873763
1.10145	0.096626	1.08189	0.0787113
1.07791	0.0750284	1.08031	0.0772474
1.10237	0.0974605	1.08134	0.0782024
1.06933	0.0670314	1.08134	0.0781975

0042E04C		0.504293	0.504074	0.418923	0.418617	12.0781	12.3899	12.1712	12.3658	
0042E004		0	0	0	0	12.2495	12.3937	12.3843	12.2575	
macro	ABS	non-ABS
0	0	1
0	0	1
0	1	0
0	1	0
1	0	0
0	0	1
0	0	0
1	0	0
266	321121	168613
282	321290	168428
28	436244	53728
33	436714	53253
65241	88603	33920
65561	88531	33804
65392	88716	33876
65411	88509	34041


simulation time500000
rate RU		 thoroughput
2.00075	0.693525	2.00103	0.693663
1.98468	0.685457	2.0024	0.694347
2.38817	0.870529	2.39507	0.873411
2.3873	0.870161	2.39548	0.873583
1.08494	0.0815279	1.08168	0.0785125
1.08019	0.0771403	1.08061	0.0775214
1.06453	0.062529	1.08114	0.0780167
1.09823	0.0936974	1.08183	0.0786525

0042E04C		0.499813	0.503858	0.41873	0.418888	12.3304	12.3641	12.6308	12.0694	
0042E004		0	0	0	0	12.3686	12.3557	12.5039	12.2451	
macro	ABS	non-ABS
0	1	0
0	0	1
0	0	1
0	1	0
0	0	0
0	0	0
0	1	0
0	0	0
268	327464	172268
284	327612	172104
29	445116	54855
33	445632	54335
66658	90336	34655
67071	90321	34492
66833	90428	34673
66891	90300	34795


simulation time510000
rate RU		 thoroughput
1.9985	0.692396	2.00044	0.693369
1.98453	0.685381	2.00201	0.694151
2.38976	0.871194	2.39522	0.873476
2.38563	0.869461	2.39501	0.873387
1.05249	0.051156	1.08132	0.0781785
1.06304	0.0611303	1.0808	0.0777012
1.08073	0.0776409	1.08119	0.0780619
1.10147	0.0966477	1.08172	0.0785515

0042E04C		0.500378	0.503895	0.418451	0.419177	12.9014	12.8229	12.6291	12.4702	
0042E004		0	0	0	0	12.5301	12.6374	12.6488	12.777	
macro	ABS	non-ABS
0	1	0
0	1	0
0	1	0
0	1	0
0	0	0
0	0	0
0	1	0
0	0	0
270	333898	175832
285	334031	175684
29	453998	55973
33	454470	55497
68055	92040	35392
68505	92143	35209
68276	92240	35356
68276	92079	35541


simulation time520000
rate RU		 thoroughput
1.99608	0.691187	1.99978	0.693038
1.98306	0.684642	2.00128	0.693789
2.39061	0.871549	2.39529	0.873502
2.38669	0.869909	2.39503	0.873396
1.09592	0.0915936	1.0814	0.0782534
1.10476	0.0996258	1.08112	0.0779996
1.08002	0.0769808	1.08104	0.0779225
1.06369	0.061745	1.0815	0.0783481

0042E04C		0.500979	0.504271	0.418296	0.418986	12.7529	12.7193	12.8889	13.1115	
0042E004		0	0	0	0	12.9216	13.0772	12.9423	12.9521	
macro	ABS	non-ABS
0	0	1
0	0	1
0	1	0
0	1	0
0	0	0
1	0	0
0	0	1
1	0	0
274	340309	179417
287	340374	179339
29	462890	57081
33	463386	56581
69467	93812	36150
69957	93974	35920
69682	94000	36076
69719	93816	36252


simulation time530000
rate RU		 thoroughput
1.99231	0.689296	1.99874	0.692516
1.98063	0.683413	2.00031	0.693302
2.39128	0.871828	2.39532	0.873519
2.38643	0.869797	2.39483	0.873311
1.0721	0.0696166	1.0815	0.0783455
1.07537	0.072662	1.0809	0.0777894
1.08012	0.0770726	1.08108	0.0779584
1.08275	0.079502	1.08188	0.0787

0042E04C		0.501925	0.504885	0.418183	0.419038	13.2701	13.1934	12.9084	13.178	
0042E004		0	0	0	0	13.2365	13.2278	12.9216	13.2821	
macro	ABS	non-ABS
0	1	0
0	1	0
0	1	0
0	1	0
0	0	0
0	1	0
0	0	0
0	0	0
275	346684	183041
289	346698	183013
29	471851	58120
33	472285	57682
70915	95568	36909
71406	95683	36664
71104	95762	36811
71208	95637	36966


simulation time540000
rate RU		 thoroughput
1.99039	0.688332	1.99812	0.692205
1.99163	0.688956	1.99946	0.692876
2.39061	0.871549	2.39513	0.873438
2.38986	0.871235	2.39531	0.873511
1.11952	0.112902	1.08161	0.0784533
1.065	0.0629783	1.0808	0.0777059
1.08054	0.0774652	1.08101	0.0779004
1.06385	0.0618951	1.08182	0.0786457

0042E04C		0.502414	0.502102	0.4183	0.418426	12.806	13.2398	13.2335	13.4409	
0042E004		0	0	0	0	13.3088	13.1214	13.2901	13.3462	
macro	ABS	non-ABS
0	0	1
0	0	1
0	1	0
0	1	0
1	0	0
0	0	1
1	0	0
0	0	0
277	353077	186646
290	353065	186645
29	480774	59197
34	481151	58815
72393	97336	37649
72799	97475	37375
72558	97529	37517
72620	97393	37726


simulation time550000
rate RU		 thoroughput
1.98851	0.687383	1.99748	0.691885
1.9907	0.688487	1.99907	0.692683
2.39246	0.872323	2.39539	0.873546
2.3883	0.87058	2.39492	0.873349
1.06773	0.0655366	1.08197	0.078786
1.0802	0.0771492	1.08025	0.0771954
1.07131	0.0688801	1.08113	0.0780093
1.11466	0.108545	1.08212	0.0789193

0042E04C		0.502894	0.50234	0.417982	0.418704	13.3924	12.969	12.9714	12.5716	
0042E004		0	0	0	0	13.3338	13.0093	12.8856	12.9976	
macro	ABS	non-ABS
0	0	1
0	0	1
0	0	1
0	1	0
1	0	0
0	0	0
1	0	0
0	0	1
282	359486	190232
291	359454	190255
29	489687	60284
34	490005	59961
73849	99154	38350
74171	99181	38110
73957	99311	38248
74040	99216	38430


simulation time560000
rate RU		 thoroughput
1.98645	0.686347	1.99678	0.691538
1.98909	0.687676	1.99851	0.692403
2.39517	0.873454	2.39582	0.873728
2.38928	0.870991	2.39498	0.873376
1.07362	0.071039	1.08193	0.0787455
1.08029	0.0772302	1.08055	0.0774684
1.08115	0.0780241	1.08125	0.078118
1.08194	0.0787568	1.08194	0.0787572

0042E04C		0.503414	0.50274	0.417513	0.418535	13.2242	13.0837	13.1798	13.0979	
0042E004		0	0	0	0	13.2088	13.1343	13.2494	13.1712	
macro	ABS	non-ABS
0	0	1
0	0	1
0	1	0
0	1	0
0	0	1
1	0	0
0	0	0
1	0	0
282	365816	193902
295	365780	193925
29	498631	61340
36	498917	61047
75300	100879	39117
75654	100975	38861
75389	101091	38998
75530	100936	39143


simulation time570000
rate RU		 thoroughput
1.98475	0.68549	1.99616	0.691227
1.98685	0.686552	1.99776	0.692026
2.3948	0.8733	2.39576	0.873702
2.39031	0.871423	2.39507	0.873412
1.08186	0.0786828	1.08193	0.0787455
1.09624	0.0918823	1.08042	0.0773476
1.09551	0.0912194	1.08154	0.0783836
1.06876	0.0664974	1.08182	0.0786476

0042E04C		0.503842	0.503314	0.417565	0.418351	13.2878	13.0503	12.9027	13.0133	
0042E004		0	0	0	0	13.3756	13.3177	13.1171	12.9473	
macro	ABS	non-ABS
0	0	1
0	0	1
0	1	0
0	1	0
0	0	0
1	0	0
1	0	0
0	0	1
284	372161	197555
297	372047	197656
30	507548	62422
36	507861	62103
76762	102661	39846
77135	102711	39567
76832	102876	39787
77030	102642	39910


simulation time580000
rate RU		 thoroughput
1.98344	0.684835	1.99563	0.69096
1.98443	0.685334	1.99694	0.691618
2.37451	0.864793	2.39609	0.87384
2.39038	0.871453	2.395	0.873384
1.09151	0.0875601	1.08233	0.0791198
1.05943	0.0577346	1.08064	0.0775507
1.08891	0.0851728	1.08148	0.0783292
1.07761	0.0747471	1.08151	0.0783613

0042E04C		0.504169	0.503921	0.421137	0.41834	13.142	13.6821	12.8164	13.2572	
0042E004		0	0	0	0	13.3726	13.4663	12.9463	13.2925	
macro	ABS	non-ABS
0	0	1
0	0	1
0	1	0
0	1	0
1	0	0
0	0	0
1	0	0
0	0	1
288	378505	201207
299	378411	201290
30	516423	63547
36	516760	63204
78190	104483	40604
78589	104515	40298
78259	104601	40518
78482	104360	40621


simulation time590000
rate RU		 thoroughput
1.98208	0.684146	1.99507	0.69068
1.98392	0.685076	1.99661	0.69145
2.37515	0.865061	2.39583	0.873731
2.39101	0.871715	2.39503	0.873398
1.08178	0.0786115	1.08221	0.0790069
1.0805	0.0774222	1.08083	0.0777319
1.09418	0.0900064	1.08147	0.0783239
1.08387	0.0805351	1.08153	0.0783811

0042E04C		0.504518	0.504048	0.421024	0.418234	13.4727	13.4914	13.4655	13.3715	
0042E004		0	0	0	0	13.5746	13.5776	13.6999	13.4946	
macro	ABS	non-ABS
0	1	0
0	1	0
0	1	0
0	1	0
0	0	0
0	1	0
0	0	0
0	0	0
291	384856	204853
301	384729	204970
30	525346	64624
36	525634	64330
79590	106228	41375
80087	106291	41028
79657	106352	41268
79977	106137	41321


simulation time600000
rate RU		 thoroughput
1.97771	0.681939	1.99371	0.689997
1.98233	0.684272	1.99598	0.691136
2.37724	0.86594	2.39587	0.873746
2.39248	0.872328	2.39524	0.873482
1.08183	0.0786582	1.08206	0.0788634
1.09438	0.0901923	1.0812	0.0780705
1.07495	0.0722728	1.08134	0.0781971
1.08718	0.0835854	1.0816	0.0784393

0042E04C		0.505637	0.504458	0.420657	0.417973	13.5565	13.3242	13.5732	13.3845	
0042E004		0	0	0	0	13.666	13.6096	13.5706	13.5858	
macro	ABS	non-ABS
0	1	0
0	1	0
0	1	0
0	1	0
0	0	0
0	0	0
0	0	0
0	1	0
291	391121	208588
303	391023	208674
30	534272	65698
36	534510	65454
81090	107959	42106
81534	108073	41808
81099	108098	42002
81473	107895	42059


simulation time610000
rate RU		 thoroughput
1.97736	0.681764	1.99336	0.689819
1.98196	0.684086	1.99567	0.69098
2.37959	0.866929	2.396	0.873803
2.39263	0.872392	2.39521	0.873472
1.08194	0.0787582	1.08215	0.0789525
1.09581	0.0914925	1.08127	0.0781397
1.05897	0.0572956	1.08124	0.0781069
1.07376	0.0711671	1.08152	0.0783674

0042E04C		0.505727	0.50455	0.420237	0.417955	13.5411	13.599	14.0986	13.8403	
0042E004		0	0	0	0	13.6508	13.8703	13.9389	13.8595	
macro	ABS	non-ABS
0	0	1
0	1	0
0	1	0
0	1	0
0	0	0
0	0	0
0	1	0
0	0	0
293	397504	212203
307	397412	212281
30	543193	66777
36	543384	66580
82446	109749	42843
83055	109841	42492
82561	109860	42715
82875	109658	42842


simulation time620000
rate RU		 thoroughput
1.97608	0.681117	1.99277	0.689527
1.98124	0.683724	1.99527	0.69078
2.38148	0.867722	2.39608	0.873833
2.39151	0.871923	2.39497	0.873371
1.06597	0.0638896	1.08175	0.0785841
1.07505	0.0723703	1.08166	0.0785001
1.11008	0.104434	1.08143	0.0782805
1.08297	0.0797036	1.08134	0.0782014

0042E04C		0.506045	0.504729	0.419908	0.418148	14.0813	14.0233	13.4585	13.7894	
0042E004		0	0	0	0	14.0738	14.0309	13.9164	13.9108	
macro	ABS	non-ABS
0	1	0
0	1	0
0	1	0
0	1	0
0	1	0
0	0	0
0	0	0
0	0	0
295	403853	215852
311	403782	215907
30	552077	67893
36	552291	67673
83880	111487	43566
84506	111669	43220
83985	111635	43466
84328	111386	43571


simulation time630000
rate RU		 thoroughput
1.97332	0.679718	1.99177	0.689025
1.97912	0.682653	1.99448	0.690385
2.38302	0.868368	2.39612	0.873852
2.39231	0.872261	2.39506	0.873406
1.09459	0.0903764	1.08165	0.078489
1.08189	0.0787139	1.08218	0.0789756
1.08054	0.077463	1.08095	0.0778396
1.08129	0.0781534	1.08134	0.078202

0042E04C		0.506763	0.505281	0.41964	0.418006	13.8148	14.2663	14.2707	14.1092	
0042E004		0	0	0	0	14.0998	14.4347	14.4202	14.2455	
macro	ABS	non-ABS
0	0	1
0	1	0
0	0	1
0	1	0
0	0	0
0	0	0
0	1	0
0	0	0
297	410167	219536
314	410120	219566
31	561005	68964
37	561209	68754
85325	113225	44288
85971	113524	43949
85437	113324	44209
85781	113148	44333


simulation time640000
rate RU		 thoroughput
1.9723	0.679201	1.99122	0.688749
1.97797	0.68207	1.99394	0.690115
2.38371	0.868659	2.39605	0.873821
2.39189	0.872085	2.39494	0.873359
1.07983	0.0768037	1.08139	0.0782458
1.06388	0.0619183	1.08221	0.0790063
1.08072	0.0776272	1.08112	0.0780003
1.08122	0.0780878	1.08136	0.0782235

0042E04C		0.507018	0.505571	0.419516	0.418075	14.1309	14.3846	14.2327	14.2758	
0042E004		0	0	0	0	14.2827	14.338	14.3817	14.4353	
macro	ABS	non-ABS
0	1	0
0	0	1
0	1	0
0	1	0
0	0	0
0	1	0
0	0	0
0	0	0
300	416506	223194
321	416527	223152
31	569854	70115
37	570178	69785
86734	114939	45040
87454	115303	44656
86919	115113	44949
87195	114925	45075


simulation time650000
rate RU		 thoroughput
1.97868	0.682431	1.99056	0.688415
1.97625	0.681202	1.99325	0.689768
2.38513	0.869253	2.39612	0.87385
2.39285	0.872483	2.39506	0.873409
1.08048	0.077402	1.08141	0.0782629
1.07883	0.0758763	1.08216	0.0789608
1.06648	0.0643635	1.08115	0.0780283
1.08112	0.0780018	1.08137	0.0782313

0042E04C		0.505385	0.506008	0.41927	0.417914	14.1238	14.3549	14.8449	14.3968	
0042E004		0	0	0	0	14.2903	14.4851	14.8163	14.5579	
macro	ABS	non-ABS
0	0	1
0	0	1
0	1	0
0	1	0
1	0	0
0	0	1
0	0	0
1	0	0
301	422830	226869
323	422889	226788
31	578781	71188
37	579085	70878
88233	116698	45755
88870	117062	45409
88328	116890	45719
88692	116680	45787


simulation time660000
rate RU		 thoroughput
1.9774	0.681785	1.99005	0.688159
1.97528	0.680711	1.99274	0.689511
2.38703	0.870051	2.3963	0.873927
2.39287	0.872492	2.39503	0.873396
1.06625	0.0641473	1.08137	0.0782273
1.09215	0.0881525	1.08216	0.0789624
1.08104	0.0779212	1.08114	0.0780184
1.09098	0.0870743	1.0816	0.0784385

0042E04C		0.505711	0.506258	0.418929	0.417911	14.8467	14.3814	14.7151	14.2996	
0042E004		0	0	0	0	14.7929	14.6841	14.9077	14.6892	
macro	ABS	non-ABS
0	1	0
0	1	0
0	1	0
0	1	0
0	0	0
0	0	0
0	0	0
0	1	0
302	429186	230512
326	429216	230458
31	587689	72280
38	588048	71914
89695	118493	46392
90306	118786	46195
89756	118660	46467
90157	118453	46554


simulation time670000
rate RU		 thoroughput
1.97625	0.681203	1.98956	0.687911
1.97284	0.679473	1.99185	0.689062
2.38916	0.870941	2.39655	0.874029
2.39463	0.873227	2.39532	0.873518
1.09227	0.088255	1.08139	0.0782489
1.09406	0.0898959	1.08205	0.0788581
1.08919	0.0854388	1.08139	0.0782435
1.07821	0.0753051	1.08152	0.0783648

0042E04C		0.506009	0.506877	0.41856	0.417601	14.6658	14.6651	14.7655	14.8094	
0042E004		0	0	0	0	15.0039	15.0355	15.0815	14.9874	
macro	ABS	non-ABS
0	1	0
0	1	0
0	1	0
0	1	0
0	0	0
0	0	0
0	0	0
0	1	0
304	435473	234223
327	435519	234154
31	596586	73383
39	597006	72955
91148	120264	47134
91782	120500	46939
91259	120458	47207
91586	120200	47298


simulation time680000
rate RU		 thoroughput
1.97504	0.680591	1.98905	0.687657
1.90843	0.646282	1.99118	0.688729
2.39122	0.871803	2.39681	0.87414
2.3949	0.873341	2.39536	0.873532
1.07596	0.0732094	1.08128	0.0781477
1.09152	0.0875716	1.08212	0.0789225
1.0813	0.0781658	1.08154	0.0783847
1.08068	0.0775876	1.08132	0.0781856

0042E04C		0.506316	0.550984	0.418197	0.417554	15.0564	14.9199	15.1993	15.0579	
0042E004		0	0	0	0	15.1587	15.2629	15.4351	15.2709	
macro	ABS	non-ABS
0	0	1
0	0	1
0	1	0
0	1	0
0	0	0
1	0	0
1	0	0
0	0	1
306	441800	237894
328	441829	237843
31	605482	74487
39	605957	74004
92619	121998	47883
93241	122262	47673
92692	122230	47987
93097	121950	48017


simulation time690000
rate RU		 thoroughput
1.9734	0.679759	1.98842	0.687341
1.97965	0.682921	1.9905	0.688386
2.39186	0.872071	2.39685	0.874155
2.39465	0.873237	2.39556	0.873618
1.07809	0.0751953	1.08108	0.0779578
1.07458	0.0719298	1.08199	0.0787999
1.08149	0.0783373	1.08167	0.0785087
1.08128	0.0781499	1.08149	0.0783361

0042E04C		0.506735	0.505137	0.418088	0.4176	15.1395	15.5005	15.2049	15.1809	
0042E004		0	0	0	0	15.3513	15.6511	15.444	15.415	
macro	ABS	non-ABS
0	1	0
0	1	0
0	0	1
0	1	0
0	1	0
0	0	0
0	0	0
0	0	0
307	448086	241607
332	448145	241523
32	614373	75595
39	614920	75041
94043	123693	48685
94754	124023	48401
94177	124013	48700
94541	123727	48758


simulation time700000
rate RU		 thoroughput
1.97216	0.679127	1.98787	0.687066
1.97891	0.682545	1.99015	0.688209
2.39127	0.871826	2.39668	0.874082
2.3946	0.873217	2.3957	0.873673
1.0723	0.0698029	1.08084	0.0777349
1.08808	0.0844123	1.0823	0.0790908
1.08723	0.0836308	1.08183	0.0786499
1.09339	0.0892822	1.08129	0.0781534

0042E04C		0.50706	0.505329	0.418183	0.417604	15.5876	15.3371	15.2645	15.3741	
0042E004		0	0	0	0	15.7299	15.68	15.5978	15.7815	
macro	ABS	non-ABS
0	1	0
0	1	0
0	1	0
0	1	0
0	0	0
0	1	0
0	0	0
0	0	0
310	454501	245189
334	454508	245158
32	623354	76614
40	623801	76159
95478	125433	49387
96200	125866	49133
95585	125783	49471
96013	125460	49467


simulation time710000
rate RU		 thoroughput
1.97108	0.678584	1.98737	0.686812
1.97692	0.681541	1.98947	0.687866
2.3912	0.871793	2.39658	0.874045
2.37257	0.863973	2.39581	0.873723
1.06964	0.0673246	1.08091	0.0778073
1.09295	0.0888793	1.08217	0.0789691
1.08161	0.0784487	1.08179	0.0786202
1.0906	0.0867238	1.08142	0.0782762

0042E04C		0.507338	0.505845	0.418199	0.421484	15.7284	15.5378	15.4732	15.3725	
0042E004		0	0	0	0	15.8457	15.9505	15.736	15.7843	
macro	ABS	non-ABS
0	0	1
0	0	1
0	1	0
0	1	0
0	0	0
1	0	0
1	0	0
0	0	1
312	460786	248902
335	460822	248843
33	632226	77741
40	632761	77199
96930	127185	50168
97708	127596	49898
97052	127516	50218
97501	127247	50172


simulation time720000
rate RU		 thoroughput
1.9692	0.677627	1.98665	0.686451
1.9751	0.680621	1.98882	0.687543
2.39225	0.872233	2.3967	0.874091
2.37451	0.864793	2.39584	0.873736
1.06634	0.0642307	1.08098	0.0778684
1.07395	0.0713444	1.08209	0.078892
1.07519	0.0724987	1.08172	0.0785507
1.09509	0.0908341	1.08174	0.0785746

0042E04C		0.507818	0.506302	0.418015	0.421138	15.9024	15.6411	15.7006	15.5359	
0042E004		0	0	0	0	15.9627	15.8001	15.8561	16.021	
macro	ABS	non-ABS
0	1	0
0	1	0
0	1	0
0	1	0
0	1	0
0	0	0
0	0	0
0	0	0
313	467052	252635
337	467120	252543
33	641154	78813
40	641680	78280
98405	128936	50908
99180	129319	50633
98478	129257	50993
99004	129054	50900


simulation time730000
rate RU		 thoroughput
1.96708	0.676551	1.98586	0.68605
1.97331	0.679712	1.98816	0.687209
2.39015	0.871357	2.39626	0.873908
2.37584	0.865353	2.39579	0.873714
1.07364	0.0710508	1.081	0.0778898
1.08184	0.0786644	1.08201	0.0788224
1.0789	0.0759429	1.08164	0.0784744
1.08161	0.0784534	1.08185	0.0786698

0042E04C		0.508368	0.506767	0.41838	0.420905	16.2026	15.797	15.8154	15.7071	
0042E004		0	0	0	0	16.3974	16.0899	16.0655	15.9891	
macro	ABS	non-ABS
0	0	1
0	0	1
0	1	0
0	1	0
0	0	1
1	0	0
1	0	0
0	0	0
315	473284	256401
338	473388	256274
33	650094	79873
40	650586	79374
99876	130682	51691
100715	131056	51380
99964	130989	51748
100514	130801	51653


simulation time740000
rate RU		 thoroughput
1.97519	0.680664	1.98517	0.685703
1.97096	0.67852	1.98734	0.686799
2.39099	0.871708	2.39632	0.873935
2.37717	0.86591	2.39577	0.873704
1.0713	0.0688693	1.08118	0.0780506
1.09025	0.0864031	1.08188	0.0786972
1.08538	0.0819277	1.0816	0.0784393
1.07518	0.0724923	1.08187	0.078687

0042E04C		0.506278	0.50737	0.418236	0.420667	16.2929	15.9315	16.0119	16.0887	
0042E004		0	0	0	0	16.4374	16.3767	16.3704	16.2868	
macro	ABS	non-ABS
0	1	0
0	1	0
0	1	0
0	1	0
0	0	0
0	0	0
0	0	0
0	1	0
318	479567	260115
343	479734	259923
33	659005	80962
40	659483	80477
101382	132478	52404
102161	132773	52148
101478	132749	52467
101961	132541	52440


simulation time750000
rate RU		 thoroughput
1.97402	0.680075	1.98473	0.685481
1.96994	0.678001	1.98686	0.686556
2.39072	0.871595	2.3962	0.873885
2.37932	0.866814	2.39591	0.873763
1.08843	0.0847348	1.08129	0.0781526
1.08133	0.0781875	1.08177	0.0785947
1.13293	0.124811	1.08182	0.0786478
1.08558	0.0821185	1.08189	0.0787111

0042E04C		0.506579	0.507631	0.418284	0.420287	15.8707	16.1041	15.3858	15.8691	
0042E004		0	0	0	0	16.2643	16.4139	16.393	16.2388	
macro	ABS	non-ABS
0	0	1
0	0	1
0	1	0
0	1	0
1	0	0
0	0	1
0	0	0
1	0	0
319	485900	263781
344	486059	263597
34	667912	82054
40	668352	81608
102807	134239	53173
103665	134518	52848
102939	134556	53194
103426	134260	53212


simulation time760000
rate RU		 thoroughput
1.97256	0.67933	1.98419	0.685213
1.96753	0.67678	1.98601	0.686126
2.39181	0.872051	2.39632	0.873936
2.38033	0.86724	2.39588	0.873749
1.08321	0.0799321	1.08142	0.0782777
1.08603	0.082528	1.08179	0.0786203
1.11503	0.108883	1.08164	0.0784808
1.0651	0.0630644	1.08191	0.0787295

0042E04C		0.506964	0.508254	0.418095	0.420112	15.9621	16.29	15.7029	16.4988	
0042E004		0	0	0	0	16.2985	16.6507	16.5624	16.5586	
macro	ABS	non-ABS
0	0	1
0	0	1
0	1	0
0	1	0
0	0	1
1	0	0
0	0	0
1	0	0
322	492162	267516
344	492350	267306
34	676778	83188
40	677258	82702
104274	136015	53919
105152	136301	53582
104452	136260	53937
104872	136000	53986


simulation time770000
rate RU		 thoroughput
1.97206	0.679078	1.98392	0.685073
1.9673	0.676663	1.9857	0.685974
2.39307	0.872576	2.3965	0.874008
2.3818	0.867858	2.39594	0.873777
1.06273	0.0608385	1.08125	0.0781174
1.08472	0.0813247	1.08194	0.078753
1.08147	0.0783247	1.08171	0.0785426
1.10981	0.104185	1.08193	0.0787471

0042E04C		0.507088	0.508314	0.417874	0.419851	16.7979	16.224	16.3118	15.7733	
0042E004		0	0	0	0	16.8857	16.5949	16.6409	16.4832	
macro	ABS	non-ABS
0	0	1
0	0	1
0	1	0
0	1	0
0	0	1
1	0	0
0	0	0
1	0	0
324	498453	271223
346	498645	271009
34	685671	84295
40	686163	83797
105768	137746	54658
106574	138089	54313
105923	138043	54692
106325	137741	54718


simulation time780000
rate RU		 thoroughput
1.97102	0.678552	1.9835	0.684863
1.96654	0.676275	1.98528	0.685759
2.39301	0.872551	2.39644	0.873985
2.38321	0.868449	2.39603	0.873811
1.08352	0.0802141	1.08146	0.0783113
1.06308	0.0611694	1.0817	0.0785293
1.10421	0.0991295	1.0819	0.0787226
1.08566	0.0821885	1.0816	0.0784401

0042E04C		0.507348	0.508501	0.417887	0.419601	16.5444	16.8789	16.184	16.3176	
0042E004		0	0	0	0	16.9561	16.9225	16.8324	16.7551	
macro	ABS	non-ABS
0	1	0
0	1	0
0	1	0
0	1	0
0	0	0
0	0	0
0	0	0
0	1	0
325	504765	274910
346	504987	274667
35	694618	85347
40	695098	84862
107252	139555	55391
108003	139823	55065
107362	139820	55472
107815	139464	55410


simulation time790000
rate RU		 thoroughput
1.97062	0.678346	1.98323	0.684728
2.12373	0.753175	1.98459	0.685412
2.39254	0.872356	2.39632	0.873935
2.38395	0.868759	2.396	0.873802
1.08131	0.0781724	1.08142	0.0782739
1.06375	0.0618014	1.08174	0.0785744
1.07441	0.0717716	1.08189	0.0787059
1.08119	0.0780586	1.08165	0.0784851

0042E04C		0.507455	0.490443	0.417964	0.419465	16.6136	16.7462	16.5334	16.4337	
0042E004		0	0	0	0	16.9675	16.8495	16.7945	16.768	
macro	ABS	non-ABS
0	1	0
0	1	0
0	1	0
0	1	0
0	0	0
0	1	0
0	0	0
0	0	0
327	511132	278541
347	511275	278378
35	703512	86453
40	703973	85987
108711	141302	56146
109461	141586	55831
108801	141571	56223
109305	141241	56100


simulation time800000
rate RU		 thoroughput
1.96938	0.677719	1.98275	0.684484
1.97497	0.680553	1.98405	0.685138
2.39297	0.872537	2.39636	0.873951
2.38539	0.869363	2.39611	0.873848
1.08155	0.0783978	1.08166	0.0784952
1.05769	0.056085	1.08148	0.0783319
1.08495	0.0815367	1.08194	0.0787515
1.07675	0.0739429	1.08161	0.0784541

0042E04C		0.507772	0.506334	0.417885	0.419213	16.7654	17.1194	16.6524	16.6986	
0042E004		0	0	0	0	17.1328	17.2021	17.0456	16.95	
macro	ABS	non-ABS
0	1	0
0	1	0
0	1	0
0	1	0
0	0	0
0	1	0
0	0	0
0	0	0
329	517525	282146
351	517635	282014
35	712436	87529
40	712896	87064
110170	143096	56878
110896	143308	56581
110243	143354	56933
110768	143006	56844


simulation time810000
rate RU		 thoroughput
1.96835	0.677194	1.98231	0.684263
1.97406	0.680094	1.9837	0.684961
2.3937	0.872839	2.39645	0.873988
2.38675	0.869934	2.39622	0.873892
1.0768	0.0739954	1.08164	0.0784788
1.08113	0.0780022	1.08155	0.0783924
1.08203	0.0788413	1.08215	0.0789462
1.08951	0.0857303	1.08152	0.0783657

0042E04C		0.50804	0.506569	0.417759	0.418981	16.8802	16.7871	16.7152	16.6786	
0042E004		0	0	0	0	17.1529	17.149	17.0865	17.1461	
macro	ABS	non-ABS
0	1	0
0	1	0
0	1	0
0	1	0
0	0	0
0	0	0
0	1	0
0	0	0
331	523904	285765
353	524012	285635
35	721320	88645
40	721790	88170
111634	144845	57606
112328	145101	57308
111708	145146	57654
112191	144741	57599


simulation time820000
rate RU		 thoroughput
1.9679	0.676968	1.98202	0.684118
1.97326	0.679688	1.98337	0.684796
2.3928	0.872463	2.39625	0.873904
2.38778	0.870365	2.39629	0.87392
1.08315	0.079878	1.08168	0.0785172
1.07537	0.072661	1.08179	0.0786129
1.08192	0.0787395	1.08215	0.0789544
1.08105	0.0779343	1.08142	0.0782764

0042E04C		0.508154	0.506776	0.417919	0.418801	16.7244	17.1508	16.7601	16.8299	
0042E004		0	0	0	0	17.1571	17.403	17.1331	17.1941	
macro	ABS	non-ABS
0	1	0
0	1	0
0	1	0
0	1	0
0	1	0
0	0	0
0	0	0
0	0	0
334	530229	289437
353	530370	289277
35	730163	89802
40	730715	89245
113043	146627	58318
113802	146899	58055
113164	146890	58388
113626	146496	58327


simulation time830000
rate RU		 thoroughput
1.96556	0.675776	1.98124	0.683721
1.97184	0.678969	1.98287	0.684547
2.39355	0.872779	2.39634	0.873943
2.38849	0.870663	2.39632	0.873933
1.08159	0.0784357	1.08167	0.0785053
1.08212	0.0789257	1.08215	0.0789507
1.08342	0.0801267	1.08202	0.0788291
1.07576	0.0730256	1.08137	0.0782248

0042E04C		0.508759	0.507142	0.417789	0.418672	17.2961	16.8897	16.8602	17.047	
0042E004		0	0	0	0	17.7075	17.2768	17.2577	17.3504	
macro	ABS	non-ABS
0	1	0
0	1	0
0	1	0
0	1	0
0	0	0
0	0	0
0	0	0
0	1	0
336	536445	293219
355	536591	293054
35	739121	90844
40	739625	90335
114574	148367	59050
115299	148684	58842
114692	148587	59152
115122	148215	59103


simulation time840000
rate RU		 thoroughput
1.96419	0.675077	1.98069	0.683446
1.97103	0.678557	1.98253	0.684376
2.39348	0.872748	2.39629	0.873923
2.38747	0.870233	2.39604	0.873819
1.08141	0.0782627	1.08166	0.0785001
1.10192	0.0970529	1.08209	0.0788977
1.08205	0.0788574	1.08206	0.0788639
1.09563	0.0913316	1.08133	0.0781959

0042E04C		0.509112	0.507349	0.417803	0.418851	17.1886	16.8968	16.9934	17.1258	
0042E004		0	0	0	0	17.588	17.616	17.3877	17.8265	
macro	ABS	non-ABS
0	1	0
0	1	0
0	0	1
0	1	0
0	0	0
0	0	0
0	0	0
0	1	0
337	542703	296960
358	542812	296830
35	748025	91940
40	748480	91480
116085	150143	59788
116777	150419	59580
116233	150334	59880
116564	149944	59912


simulation time850000
rate RU		 thoroughput
1.96365	0.674806	1.98035	0.683276
1.96949	0.677773	1.98199	0.684102
2.39281	0.872467	2.39614	0.873859
2.38757	0.870275	2.39596	0.873784
1.10604	0.100782	1.08175	0.0785788
1.06366	0.061715	1.08198	0.0787961
1.08159	0.0784279	1.08207	0.0788773
1.07356	0.0709839	1.08126	0.0781239

0042E04C		0.509254	0.50775	0.417921	0.418838	16.9635	17.65	17.2915	17.3808	
0042E004		0	0	0	0	17.8068	17.78	17.7023	17.6178	
macro	ABS	non-ABS
0	0	1
0	0	1
0	1	0
0	1	0
0	0	1
1	0	0
0	0	0
1	0	0
338	548976	300686
360	549139	300501
35	756960	93005
40	757374	92586
117560	151926	60512
118236	152175	60347
117674	152094	60628
118044	151681	60637


simulation time860000
rate RU		 thoroughput
1.96274	0.674343	1.97992	0.683057
1.96852	0.677284	1.9816	0.683904
2.39319	0.872626	2.39618	0.873874
2.38829	0.870577	2.39599	0.873798
1.08161	0.0784505	1.08177	0.0786031
1.09729	0.0928454	1.08188	0.0786985
1.09618	0.0918285	1.08206	0.0788704
1.10448	0.0993716	1.08139	0.0782438

0042E04C		0.50949	0.507994	0.417851	0.418712	17.069	16.6733	16.9254	16.9906	
0042E004		0	0	0	0	17.4621	17.3885	17.5108	17.7308	
macro	ABS	non-ABS
0	1	0
0	1	0
0	1	0
0	1	0
0	1	0
0	0	0
0	0	0
0	0	0
342	555280	304378
360	555412	304228
35	765796	94169
40	766295	93665
119029	153676	61274
119755	153915	61063
119173	153822	61386
119542	153437	61427


simulation time870000
rate RU		 thoroughput
1.96131	0.673612	1.97935	0.682766
1.96682	0.676418	1.981	0.683601
2.39377	0.872869	2.39624	0.873902
2.38841	0.870628	2.39592	0.873769
1.07544	0.0727314	1.08168	0.0785184
1.08152	0.0783678	1.0819	0.0787224
1.0816	0.0784453	1.08195	0.0787623
1.07537	0.0726683	1.08164	0.0784788

0042E04C		0.509862	0.508436	0.417753	0.418693	17.2144	17.1541	17.1117	17.1161	
0042E004		0	0	0	0	17.5429	17.5526	17.5082	17.3684	
macro	ABS	non-ABS
0	0	1
0	0	1
0	0	1
0	1	0
0	0	0
1	0	0
0	0	1
1	0	0
346	561486	308168
361	561613	308026
35	774722	95243
40	775253	94707
120585	155378	62050
121263	155659	61831
120657	155518	62184
121126	155196	62184


simulation time880000
rate RU		 thoroughput
1.96031	0.673101	1.97887	0.682528
1.96593	0.675966	1.98061	0.683403
2.39387	0.872912	2.39624	0.873899
2.38971	0.871173	2.39608	0.873832
1.06916	0.0668704	1.08168	0.0785126
1.0818	0.078627	1.08206	0.0788636
1.07288	0.0703457	1.08193	0.0787489
1.0759	0.0731538	1.0816	0.0784404

0042E04C		0.510124	0.508662	0.417731	0.418461	17.2649	16.8265	17.1954	17.2704	
0042E004		0	0	0	0	17.4815	17.203	17.4297	17.6	
macro	ABS	non-ABS
0	1	0
0	1	0
0	1	0
0	1	0
0	0	0
0	0	0
0	0	0
0	1	0
347	567702	311951
362	567873	311765
36	783636	96328
40	784090	95870
122072	157099	62800
122787	157413	62603
122188	157261	62942
122595	156938	62944


simulation time890000
rate RU		 thoroughput
1.96001	0.672949	1.97859	0.682383
1.96503	0.67551	1.98021	0.683201
2.39476	0.873284	2.39637	0.873954
2.39051	0.871507	2.39615	0.873863
1.09713	0.0926938	1.08159	0.0784322
1.08179	0.0786197	1.08194	0.0787554
1.06218	0.0603222	1.08185	0.078676
1.05977	0.0580507	1.08192	0.0787387

0042E04C		0.510202	0.508893	0.417576	0.418321	16.9981	17.2149	17.6757	17.6025	
0042E004		0	0	0	0	17.6629	17.623	17.8129	17.6123	
macro	ABS	non-ABS
0	0	1
0	1	0
0	0	1
0	1	0
0	1	0
0	0	0
0	0	0
0	0	0
348	574034	315618
363	574217	315420
36	792530	97434
40	792969	96991
123571	158855	63519
124215	159153	63356
123643	158987	63693
124068	158756	63681


simulation time900000
rate RU		 thoroughput
1.95942	0.672649	1.97823	0.682201
1.96374	0.674852	1.9797	0.682944
2.39558	0.873623	2.3965	0.874008
2.39065	0.871563	2.39611	0.873847
1.07303	0.0704831	1.08159	0.0784348
1.08648	0.0829419	1.08174	0.0785747
1.07647	0.0736864	1.08198	0.0787886
1.07856	0.0756294	1.08196	0.0787759

0042E04C		0.510354	0.50923	0.417437	0.418297	17.4633	17.6324	17.3496	17.3395	
0042E004		0	0	0	0	17.7713	18.1165	17.6577	17.7218	
macro	ABS	non-ABS
0	1	0
0	1	0
0	1	0
0	1	0
0	0	0
0	0	0
0	0	0
0	1	0
350	580328	319322
367	580529	319104
36	801459	98505
41	801848	98111
125013	160614	64276
125727	160914	64045
125124	160746	64461
125541	160492	64452


simulation time910000
rate RU		 thoroughput
1.95963	0.672756	1.97808	0.682125
1.9626	0.674271	1.97922	0.682705
2.39616	0.873868	2.39659	0.874047
2.39072	0.871595	2.39606	0.873826
1.0725	0.0699962	1.08156	0.0784057
1.09622	0.0918692	1.08182	0.078641
1.03629	0.0356443	1.08192	0.078736
1.09003	0.0862091	1.08189	0.0787137

0042E04C		0.510298	0.509524	0.417333	0.418286	17.5633	17.2156	18.0734	17.5714	
0042E004		0	0	0	0	17.8033	17.8907	17.7938	18.1049	
macro	ABS	non-ABS
0	1	0
0	1	0
0	1	0
0	1	0
0	0	0
0	0	0
0	1	0
0	0	0
350	586675	322975
368	586816	322816
36	810416	99548
42	810798	99160
126506	162352	65010
127166	162699	64830
126611	162492	65158
126995	162253	65206


simulation time920000
rate RU		 thoroughput
1.95834	0.672099	1.97754	0.681851
1.96219	0.67406	1.97893	0.682558
2.38031	0.867233	2.39679	0.87413
2.39041	0.871466	2.39595	0.873779
1.0828	0.079546	1.08155	0.0783944
1.08133	0.0781878	1.08186	0.0786836
1.08204	0.0788463	1.08209	0.0788944
1.04912	0.0479472	1.08188	0.0787027

0042E04C		0.510634	0.509632	0.420111	0.41834	17.5108	17.8568	17.7232	18.1959	
0042E004		0	0	0	0	17.9215	18.3215	18.1773	18.0743	
macro	ABS	non-ABS
0	1	0
0	1	0
0	1	0
0	1	0
0	0	0
0	1	0
0	0	0
0	0	0
351	592931	326718
372	593094	326534
36	819303	100661
42	819695	100263
127946	164100	65773
128687	164462	65548
128127	164260	65901
128433	163978	65978


simulation time930000
rate RU		 thoroughput
1.95807	0.671961	1.97726	0.681712
1.96094	0.673426	1.97842	0.6823
2.38121	0.86761	2.39677	0.874124
2.3906	0.871544	2.39592	0.873768
1.08583	0.0823414	1.08139	0.0782452
1.08206	0.0788636	1.08214	0.0789387
1.05772	0.0561113	1.082	0.0788071
1.08761	0.0839811	1.08198	0.0787967

0042E04C		0.510702	0.509957	0.419955	0.418306	17.6343	17.888	18.4783	17.3244	
0042E004		0	0	0	0	18.1398	18.3559	18.5329	17.8197	
macro	ABS	non-ABS
0	1	0
0	1	0
0	1	0
0	1	0
0	0	0
0	1	0
0	0	0
0	0	0
351	599220	330429
374	599337	330289
36	828197	101767
42	828563	101395
129404	165820	66513
130185	166275	66291
129609	165984	66666
129917	165732	66719


simulation time940000
rate RU		 thoroughput
1.96742	0.676722	1.97688	0.681518
1.96005	0.672969	1.978	0.682086
2.3822	0.868023	2.39679	0.874129
2.38948	0.871077	2.39567	0.873661
1.0985	0.0939453	1.08128	0.0781412
1.08941	0.0856393	1.08233	0.0791182
1.07084	0.0684457	1.08196	0.0787709
1.08175	0.0785797	1.08188	0.0786989

0042E04C		0.508282	0.510192	0.419778	0.4185	17.8316	17.8114	18.3112	17.9429	
0042E004		0	0	0	0	18.5902	18.3908	18.6208	18.4098	
macro	ABS	non-ABS
0	0	1
0	0	1
0	1	0
0	1	0
1	0	0
0	0	0
0	0	1
1	0	0
352	605429	334219
377	605654	333969
36	837067	102897
42	837467	102491
130892	167540	67261
131663	168083	67039
131059	167712	67465
131441	167478	67422


simulation time950000
rate RU		 thoroughput
1.9659	0.675949	1.97638	0.681268
1.95838	0.67212	1.97737	0.681769
2.38341	0.868533	2.39685	0.874155
2.38941	0.871045	2.39559	0.873631
1.08135	0.0782066	1.08133	0.0781959
1.07094	0.0685368	1.0822	0.0789963
1.0817	0.0785326	1.08198	0.0787887
1.07308	0.0705357	1.08191	0.0787319

0042E04C		0.508671	0.510623	0.419568	0.418508	18.1945	18.1107	18.2274	18.2054	
0042E004		0	0	0	0	18.6927	18.3583	18.7166	18.5917	
macro	ABS	non-ABS
0	1	0
0	1	0
0	1	0
0	1	0
0	0	0
0	0	0
0	0	0
0	1	0
356	611618	338026
380	611838	337782
36	845970	103994
42	846389	103569
132399	169263	68059
133233	169765	67791
132602	169460	68251
132968	169225	68186


simulation time960000
rate RU		 thoroughput
1.96476	0.675368	1.97597	0.68106
1.96265	0.674297	1.97682	0.681487
2.38255	0.868172	2.39656	0.874032
2.38961	0.871128	2.39556	0.873617
1.07891	0.0759548	1.08148	0.0783261
1.08773	0.0840909	1.082	0.0788095
1.08181	0.0786382	1.08208	0.0788867
1.08181	0.0786364	1.0819	0.0787198

0042E04C		0.508967	0.509512	0.419718	0.418479	18.09	17.762	18.1457	18.0715	
0042E004		0	0	0	0	18.5531	18.3439	18.6303	18.55	
macro	ABS	non-ABS
0	0	1
0	0	1
0	1	0
0	1	0
0	0	0
1	0	0
1	0	0
0	0	1
357	617874	341769
384	618092	341524
36	854881	105083
42	855321	104637
133871	171032	68837
134743	171461	68550
134083	171234	68991
134458	170975	68920


simulation time970000
rate RU		 thoroughput
1.96334	0.674646	1.97548	0.680811
1.9617	0.67381	1.97641	0.681284
2.38284	0.868295	2.39646	0.873994
2.38981	0.871214	2.39554	0.873609
1.08132	0.0781837	1.08147	0.0783211
1.0944	0.0902062	1.08177	0.0786019
1.0818	0.0786292	1.08221	0.0790015
1.0818	0.0786272	1.08203	0.0788378

0042E04C		0.509339	0.509766	0.419668	0.418439	17.9155	17.9028	18.1106	18.2339	
0042E004		0	0	0	0	18.3725	18.5919	18.5922	18.7506	
macro	ABS	non-ABS
0	1	0
0	1	0
0	1	0
0	1	0
0	1	0
0	0	0
0	0	0
0	0	0
358	624083	345559
387	624337	345276
36	863788	106176
42	864206	105752
135397	172745	69590
136261	173151	69327
135609	172985	69758
135972	172742	69702


simulation time980000
rate RU		 thoroughput
1.96208	0.674005	1.97503	0.680582
1.96075	0.673325	1.97602	0.681084
2.38275	0.868257	2.39631	0.873928
2.38929	0.870995	2.39538	0.873544
1.09608	0.0917363	1.08144	0.0782955
1.09304	0.0889657	1.08178	0.0786041
1.08192	0.0787372	1.08228	0.0790673
1.05408	0.0526657	1.08197	0.0787847

0042E04C		0.509662	0.51001	0.419684	0.418536	17.8172	17.7402	18.2911	18.8523	
0042E004		0	0	0	0	18.4801	18.4099	18.7895	18.8484	
macro	ABS	non-ABS
0	1	0
0	1	0
0	1	0
0	1	0
0	0	0
0	0	0
0	1	0
0	0	0
359	630358	349283
388	630606	349006
36	872698	107266
43	873091	106866
136867	174465	70384
137765	174875	70075
137100	174768	70513
137469	174499	70421


simulation time990000
rate RU		 thoroughput
1.96023	0.673064	1.97441	0.680269
1.95934	0.672609	1.97549	0.680818
2.38309	0.868399	2.39623	0.873899
2.38918	0.87095	2.3953	0.87351
1.08082	0.0777241	1.08129	0.0781572
1.08145	0.0783037	1.08171	0.0785431
1.08239	0.0791707	1.08246	0.0792391
1.08186	0.0786856	1.082	0.0788104

0042E04C		0.510142	0.510375	0.419622	0.418553	18.1116	18.1478	18.0632	18.2388	
0042E004		0	0	0	0	18.5692	18.626	18.5514	18.732	
macro	ABS	non-ABS
0	1	0
0	1	0
0	1	0
0	1	0
0	1	0
0	0	0
0	0	0
0	0	0
360	636614	353026
390	636812	352798
36	881564	108400
43	881984	107973
138424	176184	71108
139222	176585	70856
138611	176530	71297
138978	176252	71188


