-982.148006 709.553996
-1190.788775 -889.897618
318.443095 804.481105
-264.329542 -776.159569
-732.651726 341.200463
-894.945463 -462.684575
-936.932267 667.895404
1151.317341 -1148.330655
194.241374 -1157.634845
367.279292 -1218.406616
474.806053 -418.354667
-968.746588 -286.818826
377.546127 -822.659674
1129.366961 507.171235
-965.391064 1371.638539
436.721638 -205.004612
1152.366355 911.442630
-748.451292 894.567589
258.663467 1485.723040
-39.380751 -864.586794
1017.258861 -512.943451
-1344.973341 787.025540
718.417731 770.278492
163.548201 1383.829760
-211.582685 209.676993
839.167628 325.518353
-309.998052 -404.723340
-428.312803 -469.357305
478.417339 299.963861
-317.484347 76.887064
-964.567381 -45.100444
-1337.114908 466.950898
-758.636277 -1385.244032
1205.440026 -930.231693
1447.329280 1286.235834
-47.673029 248.939118
-1065.751281 -1453.768760
34.999721 -618.974120
1480.582853 -1364.219454
787.706704 884.194589
1398.071318 634.097910
1289.641650 109.083804
-790.528310 260.383955
-1207.433526 -867.157900
-270.677024 -258.254976
-1106.482174 47.461990
763.700185 1015.004632
-455.690583 479.731916
-150.648826 -56.471755
-901.993555 1058.294122
